0.099108	0.0310946
0.105261	0.0327153
1.82718	-0.123303
1.85495	-0.127662
1.85083	-0.150648
1.81824	-0.154679
1.796	-0.127019
1.80703	-0.142158
1.79156	-0.152333
1.80048	-0.175403
1.77069	-0.1134
1.87526	-0.0922143
1.88802	-0.174878
1.74913	-0.199797
1.81628	-0.0151399
1.72946	-0.0489761
1.80638	-0.0118893
1.85136	0.0370831
1.81412	0.044556
1.77523	-0.0103285
1.77158	-0.0384589
1.76006	-0.0185137
1.80004	-0.0388109
1.82562	0.0116546
1.78429	-0.0241495
1.76539	-0.0627136
1.83579	0.0226495
1.82797	0.0373238
1.75257	-0.0469287
1.8394	0.116926
1.76639	0.162138
1.70243	0.159919
1.65834	0.120393
1.66582	0.00282893
1.74547	-0.0118247
1.73371	0.0754022
1.7232	0.0808053
1.7437	0.055492
1.73516	0.0364373
1.72268	-0.00115353
1.7248	0.0218301
1.72423	0.0613252
1.70817	0.044685
1.74844	0.0915063
1.74722	0.0111071
1.69876	0.022554
1.7662	0.0564768
1.76199	0.0385091
1.69911	0.101684
1.80849	0.0698081
1.61469	-0.140363
1.56013	-0.147554
1.51592	-0.118633
1.51148	-0.0109043
1.58833	0.0641837
1.55682	-0.007529
1.59556	-0.0573956
1.59115	0.0280396
1.59126	-0.0192173
1.5491	0.026328
1.56541	-0.0194129
1.56344	0.00988517
1.59867	-0.0446652
1.58883	0.000828379
1.57079	0.0331867
1.53888	-0.0189551
1.61657	-0.0181139
1.60271	0.0010785
1.54994	-0.0800816
1.58621	-0.0369498
1.54877	0.132394
1.46623	0.157436
1.40517	0.134948
1.37787	0.0557159
1.44091	-0.0407376
1.45753	0.0551623
1.45347	0.0115457
1.46663	0.0199612
1.4325	0.0407055
1.41709	0.0312707
1.43873	0.0697576
1.46389	0.0400506
1.48494	0.0322383
1.44893	0.0244015
1.41771	0.00618917
1.42255	0.0613481
1.44443	-0.0209218
1.4324	0.00250071
1.44287	0.105223
1.50262	0.0279326
1.39371	-0.125751
1.32862	-0.145327
1.27437	-0.130212
1.23991	-0.0705552
1.28242	0.044277
1.32938	-0.0215669
1.30572	-0.0186115
1.30028	0.00361113
1.29456	-0.0289529
1.28495	-0.0436756
1.3157	-0.0451365
1.3339	-0.00534973
1.33777	0.0168324
1.31675	-0.00727134
1.27324	-0.0229439
1.30031	-0.0566345
1.29054	0.0247352
1.27857	-0.00931007
1.3211	-0.0879416
1.35785	-0.00507467
1.27545	0.120494
1.21272	0.145669
1.15648	0.138502
1.11357	0.0942891
1.12585	-0.0110961
1.19184	-0.0180635
1.16101	0.0322582
1.15106	0.0230633
1.17402	0.0354015
1.17774	0.0579737
1.18903	0.0236835
1.18129	-0.0170294
1.16939	-0.0113255
1.16336	0.0114804
1.15582	0.0560272
1.19031	0.048524
1.13303	0.00935249
1.13844	0.0588622
1.20451	0.0797885
1.20258	-0.0387043
1.13477	-0.114277
1.0812	-0.137467
1.02993	-0.134826
0.986591	-0.102809
0.974218	-0.0208588
1.03238	0.0374529
1.03666	-0.0326801
1.02343	-0.043511
1.03245	-0.0242283
1.05667	-0.029647
1.03225	0.000697168
1.01982	0.0215678
1.0145	0.00158316
1.01536	-0.0240135
1.04267	-0.0515377
1.04815	-0.0100599
0.994118	-0.0392099
1.02148	-0.0708897
1.07883	-0.0526408
1.05378	0.0547313
1.00258	0.109832
0.955649	0.132747
0.908548	0.134788
0.865057	0.113437
0.8366	0.0572727
0.87039	-0.0296798
0.892593	0.0161926
0.910475	0.0359484
0.89552	0.0249289
0.905417	-0.00247307
0.875267	0.00767707
0.859997	0.0132353
0.875349	0.0327022
0.894192	0.04373
0.915705	0.0228933
0.885294	-0.00261417
0.874617	0.066199
0.912451	0.0678063
0.940844	0.0166185
0.902953	-0.064905
0.863388	-0.103919
0.823841	-0.124138
0.782663	-0.128649
0.742617	-0.115495
0.709162	-0.0779443
0.711709	0.00445035
0.749351	-0.0228086
0.768939	0.00240502
0.752929	-0.0140324
0.736499	0.00260617
0.735129	-0.032225
0.735252	-0.0465447
0.758771	-0.0364889
0.770699	-0.0195969
0.754272	-0.000212857
0.724176	-0.0234903
0.762748	-0.0659593
0.790831	-0.0398371
0.788292	0.0199871
0.757009	0.0694372
0.725811	0.0986978
0.692767	0.116144
0.65763	0.122218
0.622206	0.115524
0.589414	0.0926571
0.567571	0.0393183
0.617929	0.0162266
0.596431	0.00099173
0.607553	0.021414
0.594533	0.0338172
0.612084	0.0445024
0.624718	0.0378382
0.622456	0.00742661
0.609503	-0.00119719
0.590297	0.0231869
0.606611	0.0563446
0.64556	0.0421495
0.648729	0.000682362
0.631986	-0.0400753
0.609678	-0.0697908
0.585298	-0.0912261
0.558413	-0.105337
0.529596	-0.111607
0.500166	-0.10919
0.471598	-0.0967025
0.445117	-0.0689656
0.455244	-0.00511502
0.461784	-0.0384623
0.466438	-0.0274094
0.479016	-0.0371866
0.485366	-0.023783
0.475183	-0.0141018
0.453916	-0.015207
0.452611	-0.0316488
0.473794	-0.0502769
0.498968	-0.0338786
0.50229	-0.00243087
0.492526	0.0250047
0.478692	0.0477341
0.462257	0.0666666
0.443364	0.0816787
0.422358	0.0922141
0.399984	0.0977043
0.377212	0.0977507
0.35495	0.0920367
0.333496	0.0796174
0.311789	0.0522328
0.339345	0.025926
0.334528	0.0359849
0.329969	0.0220699
0.321322	0.0301723
0.322134	0.0422404
0.335363	0.0455152
0.347884	0.0323409
0.351029	0.0147513
0.348458	-0.00166036
0.342752	-0.0170582
0.334579	-0.0315379
0.324229	-0.0448083
0.311912	-0.0563981
0.297937	-0.0657775
0.282782	-0.0724825
0.267077	-0.0762151
0.251522	-0.0768929
0.2368	-0.0746412
0.223533	-0.0697324
0.212437	-0.0625021
0.205282	-0.053653
0.20532	-0.0472201
0.206804	-0.0420599
0.20586	-0.034909
0.203902	-0.0272576
0.201117	-0.0192856
0.197457	-0.0111079
0.19286	-0.00288343
0.187307	0.00518013
0.180809	0.0128394
0.173433	0.0198254
0.165318	0.0258643
0.15668	0.0307109
0.147807	0.0341896
0.139026	0.0362372
0.130631	0.0369373
0.122801	0.0365203
0.115536	0.0353107
0.108692	0.0335846
