0.099108	-0.00935624
0.106598	-0.0118678
1.89214	-0.127375
1.92212	-0.12122
1.93275	-0.142662
1.90272	-0.154054
1.86472	-0.141213
1.88403	-0.150808
1.8752	-0.165519
1.88901	-0.180588
1.83845	-0.124271
1.94221	-0.0900028
1.96893	-0.169026
1.82947	-0.205906
1.88699	-0.0249595
1.81221	-0.0412222
1.8889	-0.0140361
1.93513	0.0276798
1.90734	0.0579662
1.87237	-0.00172827
1.84933	-0.0303459
1.85929	0.00428889
1.86537	-0.0454666
1.90496	0.019094
1.86566	-0.0218504
1.83144	-0.0618687
1.91579	0.016391
1.91809	0.0405461
1.83352	-0.0357496
1.9204	0.120625
1.8421	0.164547
1.77775	0.158435
1.73736	0.113299
1.75326	-0.0119763
1.85135	0.0127047
1.8049	0.0767969
1.79517	0.0689922
1.82314	0.0646863
1.8234	0.0439776
1.82479	0.00494482
1.82034	0.0245166
1.8051	0.0549813
1.79368	0.0312805
1.81709	0.0971176
1.84592	0.0306501
1.79321	0.0100303
1.84419	0.0739799
1.85245	0.0588707
1.77305	0.0917255
1.89546	0.082167
1.68844	-0.142875
1.63462	-0.147777
1.59217	-0.115094
1.59972	0.014345
1.6821	0.0595791
1.64207	0.00882782
1.65715	-0.0528135
1.68446	0.0156245
1.66727	-0.0210816
1.64418	0.0439297
1.6404	-0.00748714
1.65266	0.0193486
1.66793	-0.0520033
1.67615	-0.00356093
1.66793	0.033416
1.62062	0.00421835
1.69236	-0.0360695
1.68684	-0.0172175
1.62243	-0.0726623
1.65735	-0.030039
1.63033	0.135644
1.54207	0.159758
1.48059	0.131666
1.46321	0.0378835
1.53528	-0.0394697
1.52593	0.0600661
1.55046	0.0263639
1.55488	0.0397989
1.51332	0.0329125
1.50411	0.0128559
1.50706	0.0662513
1.53847	0.0500145
1.56437	0.0545817
1.53579	0.0261804
1.51249	-0.00947675
1.49896	0.0456366
1.53962	-0.0147644
1.5258	0.00230226
1.51349	0.10545
1.58799	0.0544931
1.47196	-0.128824
1.40353	-0.14683
1.34935	-0.127414
1.32063	-0.056814
1.3773	0.051831
1.40113	-0.0336472
1.38844	-0.0179358
1.39701	0.00450639
1.3745	-0.0212522
1.35969	-0.024555
1.38542	-0.0520262
1.41619	-0.0250339
1.43281	-0.00126202
1.4059	-0.0138157
1.35974	0.00102178
1.36731	-0.0483642
1.38738	0.0295829
1.37385	0.00357522
1.39083	-0.0907425
1.44061	-0.0288334
1.35681	0.123563
1.28893	0.148598
1.23111	0.137541
1.19072	0.0847801
1.2209	-0.0276661
1.27679	0.00620263
1.24229	0.0239881
1.23951	0.0074147
1.25394	0.0397182
1.24481	0.0576223
1.27313	0.0430729
1.27603	-0.00350834
1.26706	-0.0144559
1.25389	0.013105
1.22877	0.0454488
1.26223	0.063446
1.22425	-0.00931419
1.21622	0.037673
1.27563	0.0896399
1.2956	-0.0212364
1.21549	-0.117321
1.15765	-0.140541
1.10419	-0.134857
1.06175	-0.0956599
1.064	0.00236315
1.13012	0.0297749
1.10924	-0.0340375
1.09684	-0.0301706
1.11808	-0.0282654
1.13253	-0.0481497
1.126	-0.00831483
1.11847	0.0236924
1.10765	0.0135839
1.10269	-0.0103211
1.10923	-0.0553811
1.13653	-0.030151
1.07541	-0.0179857
1.08924	-0.0624404
1.15455	-0.0683798
1.14547	0.0437061
1.0849	0.112897
1.03342	0.136837
0.983162	0.13662
0.938784	0.109389
0.91794	0.0389931
0.966546	-0.0358128
0.983856	0.0244382
0.979632	0.0466461
0.975391	0.0253757
1.00027	0.0169976
0.970364	-0.00143786
0.952558	-0.00934314
0.956007	0.0149414
0.963932	0.0380766
0.996112	0.0437934
0.985951	0.00317028
0.944916	0.0546733
0.979913	0.0744397
1.02596	0.0403026
0.991893	-0.0601633
0.946001	-0.107043
0.902259	-0.128684
0.857612	-0.131705
0.8155	-0.113714
0.784338	-0.065414
0.806728	0.0233743
0.832431	-0.016608
0.859648	-0.0208172
0.841038	-0.0193534
0.838108	0.00922993
0.816319	-0.0168674
0.805013	-0.0276886
0.827334	-0.0379814
0.84781	-0.0375019
0.854359	-0.00877795
0.817646	-0.00170761
0.829206	-0.0677674
0.865177	-0.0580916
0.88149	-0.000669232
0.845332	0.0672362
0.809294	0.102232
0.77236	0.121523
0.733524	0.126916
0.695061	0.116746
0.661087	0.0857477
0.651142	0.0139821
0.698516	0.0236171
0.69977	-0.00884835
0.6933	0.0161975
0.67368	0.0119829
0.684392	0.0405419
0.6947	0.0495177
0.710074	0.0276214
0.710433	0.00655781
0.686245	0.00456507
0.671616	0.0413111
0.717932	0.0603303
0.737113	0.0247461
0.725209	-0.030066
0.697812	-0.0698418
0.669541	-0.0956965
0.639004	-0.111806
0.60638	-0.118048
0.57328	-0.113247
0.54188	-0.0950018
0.516559	-0.0529287
0.560274	-0.00748905
0.535458	-0.0168132
0.551066	-0.0235412
0.547958	-0.0399498
0.564746	-0.0399406
0.570059	-0.0260016
0.55411	-0.00114845
0.541541	-0.0061649
0.536503	-0.0391467
0.566675	-0.0538157
0.591927	-0.0257443
0.586886	0.0123547
0.570706	0.0444047
0.551113	0.0691966
0.529055	0.0879577
0.504553	0.100678
0.478307	0.106762
0.451485	0.105564
0.425259	0.0962391
0.400065	0.0757922
0.38822	0.0231136
0.419232	0.0390974
0.41104	0.0323315
0.427136	0.0269317
0.420985	0.01571
0.407315	0.0186908
0.397134	0.0325837
0.409297	0.0456003
0.433177	0.0407906
0.442946	0.0160577
0.438874	-0.00851127
0.429482	-0.0295417
0.417206	-0.0479089
0.402495	-0.0636717
0.385565	-0.076371
0.366855	-0.0854174
0.347079	-0.0903359
0.32709	-0.0908707
0.307683	-0.0869413
0.289271	-0.0783274
0.270861	-0.0625435
0.273881	-0.0300003
0.281635	-0.0349713
0.268685	-0.0389398
0.273699	-0.0470895
0.283292	-0.0429404
0.289336	-0.0299908
0.289912	-0.0177982
0.287972	-0.0057507
0.284059	0.00624541
0.27825	0.018051
0.270637	0.0293334
0.261347	0.0396748
0.250582	0.0486234
0.238661	0.0557522
0.226035	0.0607298
0.213257	0.0633778
0.200922	0.0636988
0.189626	0.0618718
0.179941	0.058234
0.172357	0.0532971
0.166858	0.0477101
0.162532	0.0418934
0.158371	0.0359045
0.153923	0.0297563
0.149047	0.0235166
0.143683	0.0172894
0.137808	0.0112088
0.13143	0.00543787
0.124598	0.000164888
0.117421	-0.00440823
0.110116	-0.00804238
