0.0976731	0.025185
0.10444	0.0254186
1.84883	-0.124339
1.8778	-0.125064
1.87863	-0.148367
1.84658	-0.154988
1.81812	-0.131537
1.8322	-0.145142
1.81879	-0.157173
1.82978	-0.177673
1.7929	-0.117017
1.89776	-0.0914226
1.91512	-0.172965
1.77584	-0.201847
1.84075	-0.0186478
1.75675	-0.0464715
1.83417	-0.0116949
1.87985	0.034168
1.84531	0.04977
1.80846	-0.00663657
1.79651	-0.0363437
1.79225	-0.0112145
1.82213	-0.0415087
1.85141	0.0132099
1.81158	-0.0237134
1.78682	-0.0627139
1.86289	0.0208258
1.85824	0.038754
1.77881	-0.0432492
1.86643	0.118128
1.79167	0.162993
1.72751	0.159503
1.68458	0.118153
1.69517	-0.00254402
1.78009	-0.00455833
1.75776	0.0768677
1.74626	0.0777568
1.7707	0.058932
1.76471	0.0388229
1.75639	-0.000370235
1.75649	0.0219338
1.75068	0.0594303
1.736	0.0400963
1.77153	0.0941675
1.78062	0.0171975
1.72957	0.0175569
1.79308	0.0629942
1.79296	0.0451949
1.72348	0.0987578
1.83776	0.0740977
1.63929	-0.141234
1.58494	-0.147653
1.54129	-0.117478
1.54065	-0.00287027
1.61951	0.0631364
1.58478	-0.00179115
1.61563	-0.0576957
1.62275	0.0245505
1.61662	-0.0204925
1.58036	0.0332052
1.58999	-0.015998
1.59288	0.0135108
1.62214	-0.0475255
1.61805	-8.50808e-05
1.60333	0.0343802
1.56537	-0.0115712
1.64281	-0.0245551
1.63191	-0.00521495
1.57395	-0.0779397
1.6099	-0.0352231
1.57598	0.133462
1.49151	0.158256
1.43027	0.133936
1.40596	0.0501321
1.47245	-0.0407935
1.48036	0.0578944
1.48647	0.0148926
1.49707	0.0264055
1.45885	0.0384268
1.44541	0.0248678
1.46134	0.0697846
1.48905	0.044192
1.51238	0.0400946
1.47744	0.0246412
1.44868	2.75948e-05
1.44727	0.0565745
1.47619	-0.0197927
1.46404	0.00159695
1.46632	0.105607
1.53162	0.0373646
1.41985	-0.126795
1.3536	-0.145881
1.29932	-0.129355
1.26655	-0.0662652
1.31411	0.0473531
1.35389	-0.0268022
1.33322	-0.0184308
1.33233	0.00521879
1.32103	-0.0267144
1.30889	-0.0382113
1.33948	-0.0484425
1.36262	-0.0118582
1.37003	0.0115197
1.34654	-0.00901993
1.30089	-0.0149716
1.32208	-0.0552544
1.32268	0.0272721
1.31009	-0.00378962
1.34435	-0.0892759
1.38619	-0.0133136
1.30259	0.121514
1.23817	0.146675
1.18134	0.13828
1.13909	0.0913029
1.15729	-0.0173039
1.22227	-0.00991306
1.1877	0.0296406
1.17958	0.0174834
1.20068	0.0371749
1.19992	0.0590374
1.21804	0.0301096
1.21344	-0.0136493
1.20098	-0.0132161
1.19389	0.0111246
1.17958	0.053197
1.21533	0.0545944
1.16297	0.00257144
1.16323	0.0525709
1.22848	0.0835006
1.23361	-0.0336123
1.16172	-0.115297
1.10673	-0.138546
1.05467	-0.134937
1.01154	-0.100618
1.00362	-0.0131363
1.06491	0.0360371
1.0609	-0.0347949
1.04687	-0.0401952
1.06135	-0.0249051
1.08325	-0.0366939
1.06385	-0.00140119
1.05277	0.0234185
1.04537	0.00648263
1.04358	-0.0188567
1.06496	-0.0541471
1.07861	-0.0163574
1.02034	-0.0324741
1.04374	-0.0690645
1.10454	-0.0583664
1.08414	0.0515875
1.03008	0.11085
0.98163	0.134148
0.933446	0.135487
0.88955	0.112246
0.863205	0.0516126
0.902458	-0.0325014
0.923719	0.0172499
0.934103	0.0411515
0.921984	0.0261183
0.93812	0.00289408
0.906243	0.00345692
0.88963	0.00476329
0.900919	0.0272154
0.916809	0.0434428
0.944165	0.0302696
0.919382	-0.00249578
0.897597	0.0631787
0.935184	0.0708736
0.969919	0.0248213
0.932509	-0.063552
0.890962	-0.104982
0.850039	-0.125708
0.807679	-0.129777
0.766879	-0.115088
0.733923	-0.0741319
0.74299	0.0116636
0.77598	-0.0211996
0.801276	-0.00431194
0.782921	-0.0149358
0.769954	0.00682705
0.761252	-0.0276632
0.757048	-0.0419285
0.781804	-0.0388948
0.798026	-0.0265457
0.788051	-0.00137919
0.753794	-0.0151169
0.784921	-0.0675848
0.816395	-0.0466369
0.819611	0.0137676
0.786417	0.0688549
0.753683	0.0999082
0.719368	0.117981
0.682996	0.123881
0.646494	0.116115
0.613145	0.0906551
0.594417	0.0312023
0.645429	0.0192092
0.630055	-0.00492641
0.635657	0.0197914
0.618861	0.0276237
0.6357	0.0442425
0.649524	0.0429831
0.653953	0.0136367
0.644	-0.000950037
0.620873	0.0154715
0.626861	0.0535228
0.67057	0.049211
0.679008	0.00835973
0.66294	-0.0373164
0.639069	-0.0699674
0.613446	-0.0928197
0.585353	-0.107609
0.555261	-0.113913
0.524574	-0.110784
0.494945	-0.0965262
0.468426	-0.0645157
0.491622	-0.00164213
0.483929	-0.0331964
0.494759	-0.0260309
0.502266	-0.0400662
0.513789	-0.0299031
0.508476	-0.0163272
0.48572	-0.00855556
0.479687	-0.0222237
0.493282	-0.0496975
0.523451	-0.0422771
0.533203	-0.00953862
0.524	0.0216074
0.509336	0.0469849
0.491949	0.0676943
0.472041	0.083917
0.449881	0.095189
0.426215	0.100914
0.402075	0.100615
0.378441	0.0938237
0.355583	0.0790551
0.334398	0.0437184
0.369126	0.0298306
0.35966	0.0360859
0.364172	0.0197699
0.352528	0.0217761
0.34629	0.0341561
0.353674	0.0457156
0.371089	0.0409063
0.381291	0.0224849
0.380458	0.00262404
0.374858	-0.0152067
0.366312	-0.0315592
0.35537	-0.0463998
0.342268	-0.059333
0.327294	-0.0698124
0.310927	-0.0773194
0.293829	-0.0814959
0.27675	-0.0822095
0.260406	-0.0795374
0.245363	-0.0736563
0.231993	-0.0644828
0.221826	-0.0499701
0.226537	-0.0424408
0.229664	-0.0483595
0.23227	-0.03864
0.231891	-0.0298873
0.230533	-0.0211659
0.228045	-0.0121144
0.224337	-0.00283597
0.219398	0.00644084
0.213224	0.015446
0.20586	0.0238673
0.197422	0.0313692
0.188121	0.0376262
0.17826	0.0423673
0.168226	0.0454213
0.158441	0.046756
0.149286	0.046497
0.14101	0.0449172
0.133627	0.0423794
0.126916	0.0392407
0.12054	0.0357773
0.114212	0.0321815
0.10779	0.0286262
