0.0994674	0.0306854
0.105617	0.0326182
1.82177	-0.12309
1.84914	-0.128375
1.84382	-0.151147
1.81114	-0.154512
1.79059	-0.125936
1.80081	-0.141413
1.78487	-0.151067
1.7932	-0.174758
1.7652	-0.112497
1.86961	-0.0924206
1.88123	-0.175348
1.74247	-0.199283
1.81	-0.0143409
1.72268	-0.0495889
1.79943	-0.0120009
1.84415	0.0377586
1.80634	0.0431284
1.76688	-0.0113832
1.76546	-0.0388617
1.7522	-0.0202734
1.79443	-0.038104
1.81923	0.0114001
1.77737	-0.0242193
1.76013	-0.0626447
1.82897	0.0231052
1.82035	0.036897
1.74618	-0.0478366
1.83263	0.116629
1.76007	0.161917
1.69617	0.160011
1.6518	0.120933
1.65846	0.0042346
1.73694	-0.0134523
1.72763	0.074912
1.71756	0.0813869
1.73688	0.054595
1.72775	0.0358625
1.71431	-0.00115226
1.71691	0.0219312
1.71769	0.0617464
1.70132	0.045824
1.74262	0.0907174
1.73883	0.00968543
1.69117	0.0239024
1.75932	0.0547627
1.75414	0.0368709
1.69306	0.102352
1.80113	0.0687019
1.60854	-0.14014
1.55393	-0.147524
1.50959	-0.118916
1.50422	-0.0128368
1.58054	0.064376
1.54994	-0.00899012
1.59051	-0.0570608
1.58317	0.0287816
1.58489	-0.0187892
1.54137	0.0244739
1.55933	-0.0201611
1.55614	0.00892339
1.59276	-0.0438582
1.58155	0.000985327
1.56265	0.0327024
1.53237	-0.020727
1.60984	-0.0164531
1.5952	0.00262035
1.54396	-0.0805667
1.5803	-0.0373432
1.54196	0.132128
1.4599	0.157224
1.3989	0.135188
1.3709	0.0570567
1.43301	-0.0406497
1.45178	0.0543025
1.4452	0.0110156
1.45886	0.0184365
1.42599	0.0411887
1.41015	0.0328821
1.43307	0.069559
1.45752	0.0388928
1.47793	0.0302406
1.44187	0.0243532
1.41009	0.00783377
1.41649	0.0624501
1.4365	-0.0210717
1.42442	0.00291793
1.43701	0.105078
1.49528	0.0255187
1.38717	-0.125487
1.32238	-0.145181
1.26815	-0.130415
1.23329	-0.071586
1.27449	0.0434146
1.32312	-0.0201046
1.29886	-0.0186428
1.29233	0.00301194
1.28795	-0.0294638
1.2791	-0.0448806
1.30964	-0.0441756
1.32655	-0.00379979
1.32963	0.01802
1.30929	-0.0068877
1.26651	-0.0248784
1.29489	-0.0567356
1.28253	0.0239597
1.27077	-0.0108559
1.31528	-0.0875439
1.35066	-0.0029995
1.26866	0.120239
1.20635	0.145412
1.15027	0.138542
1.10722	0.0950083
1.11804	-0.00945129
1.18396	-0.0198451
1.15443	0.032883
1.14407	0.0244853
1.16732	0.0348851
1.17218	0.0574881
1.18163	0.0221266
1.17321	-0.0176885
1.16159	-0.0108444
1.15571	0.0117541
1.14996	0.0566077
1.18388	0.0468933
1.12563	0.0111084
1.13238	0.0602849
1.19847	0.0787899
1.19483	-0.03988
1.12803	-0.114021
1.07481	-0.137189
1.02374	-0.134783
0.980369	-0.103327
0.966955	-0.0227577
1.02427	0.0376611
1.03048	-0.0318715
1.01769	-0.0441128
1.02522	-0.0241968
1.04981	-0.0278001
1.02429	0.00105886
1.01158	0.0209151
1.00687	0.000203696
1.0085	-0.0253368
1.03703	-0.0506737
1.0404	-0.008592
0.987695	-0.0408174
1.01595	-0.0711955
1.07232	-0.0511313
1.04622	0.0554466
0.995703	0.109577
0.949145	0.132391
0.902319	0.1346
0.858944	0.11371
0.830022	0.0586209
0.862366	-0.0288457
0.884837	0.0161935
0.904416	0.0344072
0.888845	0.024497
0.897107	-0.00356787
0.867651	0.00886683
0.852832	0.0154118
0.869157	0.0339238
0.888555	0.0435127
0.908313	0.0210781
0.876759	-0.0023106
0.868928	0.0668167
0.906714	0.0669075
0.933468	0.0145545
0.895575	-0.0652124
0.856488	-0.103649
0.817282	-0.123737
0.776402	-0.128351
0.736555	-0.115567
0.70301	-0.0788391
0.703978	0.00251806
0.742807	-0.0230835
0.760604	0.00377605
0.745409	-0.013972
0.728279	0.00125577
0.728695	-0.0332363
0.72996	-0.0473619
0.752905	-0.0356071
0.763577	-0.0178092
0.745792	-0.00019004
0.717072	-0.0256626
0.757178	-0.0653866
0.784299	-0.0380367
0.780451	0.0214243
0.749659	0.0695599
0.718834	0.0983882
0.686104	0.115676
0.651278	0.121786
0.616134	0.115348
0.583494	0.0931088
0.561017	0.0412629
0.610974	0.0153894
0.588297	0.00280658
0.600524	0.0217732
0.588653	0.0350543
0.606225	0.0443435
0.618266	0.0364414
0.614253	0.00612633
0.600831	-0.000815454
0.582975	0.0252838
0.601659	0.0566519
0.639133	0.0402528
0.641062	-0.0011242
0.624265	-0.0406868
0.602326	-0.0697212
0.578249	-0.0908102
0.551664	-0.104749
0.523167	-0.111005
0.494057	-0.108753
0.465767	-0.0966874
0.43936	-0.0699394
0.446338	-0.00663626
0.456477	-0.0392598
0.459354	-0.0278451
0.473015	-0.0361504
0.477868	-0.0223123
0.466693	-0.0139691
0.446239	-0.0171075
0.446403	-0.0339383
0.46895	-0.0498562
0.492476	-0.0316279
0.494452	-0.000809051
0.484658	0.0257387
0.471029	0.047863
0.454819	0.0663744
0.436175	0.0810898
0.415457	0.0914399
0.393406	0.0968657
0.370978	0.0969877
0.349066	0.091524
0.327977	0.0796462
0.306438	0.0540515
0.331446	0.0254082
0.328078	0.0358051
0.32153	0.0234239
0.314132	0.0326024
0.316878	0.043737
0.330701	0.0444857
0.341334	0.0300264
0.343247	0.0131819
0.340429	-0.00250271
0.334712	-0.0173741
0.326623	-0.0314204
0.316414	-0.0443124
0.304292	-0.0555706
0.29057	-0.064674
0.275724	-0.0711735
0.260374	-0.0747858
0.245209	-0.0754401
0.230904	-0.0732699
0.218093	-0.0685611
0.207554	-0.0617026
0.201016	-0.0535829
0.200339	-0.0471053
0.200661	-0.0412597
0.199277	-0.0342334
0.196952	-0.0267297
0.193832	-0.0189352
0.189884	-0.0109794
0.18506	-0.00302352
0.179341	0.00472925
0.172751	0.0120428
0.165362	0.0186592
0.15732	0.024321
0.148843	0.0288045
0.140215	0.0319616
0.131741	0.0337631
0.123676	0.03433
0.116143	0.0339237
0.109094	0.0328353
