0.0999367	0.0217874
0.106775	0.0245269
2.02165	-0.143898
2.04418	-0.11993
2.07515	-0.124078
2.05603	-0.144485
2.01616	-0.168261
2.04016	-0.159329
2.04531	-0.17645
2.05919	-0.174873
1.97613	-0.145343
2.06582	-0.0879841
2.12067	-0.157565
1.9853	-0.217025
2.01441	-0.0316684
1.97835	-0.0266038
2.02959	-0.03091
2.08069	0.00957423
2.07997	0.0715698
2.04093	0.0170741
2.01861	-0.00883662
2.04924	0.0433716
1.99563	-0.0472198
2.07306	0.0309406
2.02404	-0.0192502
1.96828	-0.0580431
2.05929	0.0180621
2.08772	0.0333064
2.00406	-0.00781873
2.07453	0.128878
1.98642	0.167447
1.92323	0.153665
1.89187	0.0965323
1.91393	-0.0309351
2.04582	0.0595506
1.95061	0.0549798
1.95836	0.0375684
1.96828	0.0657276
1.98579	0.0606941
2.01921	0.0421269
2.00225	0.0435984
1.97292	0.046032
1.97208	0.0150929
1.95042	0.0890614
2.01675	0.0692969
1.98719	0.0156448
1.9811	0.0882115
2.00211	0.0906458
1.92466	0.0639082
2.05476	0.102902
1.82978	-0.146846
1.77805	-0.147884
1.73955	-0.108229
1.772	0.0605316
1.86007	0.0373489
1.81529	0.0325449
1.8019	-0.0283153
1.84809	-0.0191687
1.81614	-0.0133915
1.82991	0.0517443
1.79475	0.0250972
1.82429	0.0231157
1.79451	-0.0427863
1.83293	-0.0186379
1.84274	0.012695
1.79372	0.0451473
1.81881	-0.0523933
1.82811	-0.0404483
1.7663	-0.0493365
1.80916	-0.00193843
1.78606	0.142356
1.68715	0.162764
1.62653	0.123149
1.63445	-0.00226959
1.71555	-0.0220283
1.66368	0.0470448
1.71506	0.070978
1.70584	0.0669873
1.67743	0.0228137
1.68216	-0.0117739
1.65247	0.0366256
1.68146	0.0513673
1.69561	0.0764954
1.70236	0.0452383
1.69935	-0.0103105
1.66454	0.0110284
1.71438	0.018402
1.69682	0.0117174
1.65232	0.0979736
1.74187	0.0902006
1.6203	-0.1343
1.54709	-0.14831
1.49432	-0.120349
1.48238	-0.0215117
1.55813	0.0533889
1.54092	-0.0273767
1.54899	-0.0175364
1.57538	-0.0191128
1.53472	-0.000913495
1.52995	0.0178549
1.51822	-0.0362964
1.54869	-0.040138
1.59778	-0.0407243
1.56513	-0.0368328
1.54682	0.0249775
1.51709	-0.0118484
1.57197	0.0142145
1.55156	0.00378918
1.52619	-0.0870919
1.58149	-0.059085
1.5121	0.129393
1.4343	0.153405
1.37468	0.133363
1.34454	0.0608594
1.40744	-0.0405193
1.42635	0.0299996
1.4138	0.00647805
1.42753	0.00657525
1.4035	0.0426678
1.3856	0.0328716
1.41344	0.0679296
1.43681	0.0361606
1.45284	0.0139317
1.41726	0.0200058
1.38415	0.0108549
1.39194	0.0588866
1.40444	-0.0268343
1.39278	-0.000420685
1.40868	0.0976989
1.46547	0.0278286
1.3693	-0.123155
1.30294	-0.145269
1.24698	-0.132387
1.20932	-0.077301
1.2451	0.0368708
1.29592	-0.00904034
1.26349	-0.0169863
1.26397	0.000368531
1.26992	-0.0342734
1.2613	-0.0521087
1.2888	-0.039226
1.29917	0.00208945
1.29645	0.0187151
1.27717	-0.0064553
1.2454	-0.0363309
1.27956	-0.0602045
1.24885	0.0189329
1.23819	-0.0234924
1.29103	-0.0869869
1.32202	0.00594477
1.24152	0.118709
1.18111	0.143545
1.12591	0.137794
1.08248	0.0970953
1.08764	-0.00345112
1.15212	-0.0273187
1.12989	0.0328845
1.11729	0.0292402
1.14147	0.0301554
1.14955	0.0538185
1.15435	0.0159892
1.14025	-0.0221609
1.13207	-0.00766213
1.12525	0.0122791
1.1274	0.0563717
1.1575	0.040027
1.09676	0.0171271
1.10925	0.0644175
1.17385	0.0738751
1.166	-0.0428186
1.10317	-0.112839
1.05104	-0.136254
1.00049	-0.135019
0.956617	-0.105965
0.938912	-0.0311986
0.991573	0.0378874
1.00443	-0.0282994
0.996094	-0.0451108
0.997255	-0.0223751
1.02245	-0.0210808
0.994102	0.00257485
0.97781	0.0161365
0.977932	-0.00734736
0.982399	-0.03208
1.01404	-0.0463714
1.01002	-0.00431768
0.962977	-0.0478904
0.995395	-0.0725696
1.04614	-0.0450367
1.01628	0.0581199
0.968387	0.108356
0.923354	0.130684
0.877663	0.133522
0.834822	0.114459
0.804303	0.0635887
0.830409	-0.0251587
0.854321	0.0167288
0.879714	0.0267748
0.861834	0.0220246
0.864031	-0.00705781
0.837646	0.0131098
0.825655	0.0242318
0.845419	0.0378516
0.866169	0.0411259
0.877748	0.0138378
0.84356	7.07278e-06
0.84642	0.0684006
0.883815	0.0624783
0.903949	0.00644904
0.866782	-0.0662685
0.829505	-0.102575
0.791618	-0.122171
0.75191	-0.127223
0.712846	-0.115946
0.679002	-0.0825511
0.673543	-0.0062916
0.717515	-0.0235882
0.726348	0.00803501
0.715623	-0.0145222
0.696569	-0.00533134
0.703132	-0.0372924
0.709963	-0.0492465
0.729023	-0.0313206
0.734075	-0.0107508
0.711854	-0.00151438
0.690361	-0.0341851
0.734859	-0.0626345
0.757867	-0.0304564
0.749196	0.0267153
0.720396	0.0699029
0.69104	0.0970324
0.659561	0.113671
0.625987	0.119896
0.591992	0.114458
0.560011	0.094649
0.535521	0.0486861
0.582721	0.0113455
0.557156	0.0108131
0.572482	0.0230871
0.565618	0.0385257
0.582887	0.0425983
0.591616	0.0304732
0.580321	0.00239887
0.566533	0.00246527
0.555462	0.0338847
0.581999	0.0561146
0.61275	0.0322289
0.610263	-0.00784359
0.593626	-0.0428815
0.573087	-0.0693692
0.550188	-0.0891007
0.524801	-0.102344
0.49759	-0.108518
0.469778	-0.106899
0.442641	-0.0964588
0.416787	-0.0734534
0.412028	-0.0150229
0.435473	-0.0403302
0.431455	-0.0300996
0.447793	-0.0310244
0.446299	-0.0173975
0.432645	-0.0153122
0.417091	-0.0255878
0.424023	-0.0418143
0.44921	-0.0458773
0.465056	-0.022485
0.462876	0.004995
0.45323	0.0282306
0.440395	0.0481154
0.425056	0.0650151
0.407395	0.0785632
0.387824	0.0881675
0.367071	0.0933148
0.346034	0.0936999
0.325545	0.0891661
0.305964	0.0792743
0.285894	0.0598992
0.298579	0.0260538
0.30187	0.0354359
0.289575	0.031407
0.288824	0.0424282
0.297824	0.0457732
0.309472	0.0366738
0.312754	0.0220055
0.31179	0.00825957
0.308269	-0.00506509
0.302513	-0.0180721
0.29472	-0.0304898
0.285052	-0.0419073
0.273709	-0.0518462
0.261011	-0.059833
0.247421	-0.0654833
0.233524	-0.068573
0.219957	-0.0690734
0.207362	-0.0671442
0.196387	-0.0631039
0.187808	-0.0574538
0.182355	-0.051065
0.179271	-0.0447589
0.176532	-0.0383735
0.173292	-0.0317093
0.169465	-0.0248274
0.165025	-0.0178341
0.159945	-0.01086
0.154205	-0.00406491
0.147821	0.00236206
0.140852	0.0082108
0.133413	0.0132671
0.125688	0.0173409
0.117917	0.0203089
0.110385	0.0221723
