0.0976731	-0.00973413
0.105201	-0.00844992
1.98087	-0.137804
2.00751	-0.118828
2.03385	-0.129419
2.01083	-0.147912
1.96744	-0.160816
1.99225	-0.158241
1.99301	-0.175334
2.00812	-0.178924
1.93331	-0.138885
2.02886	-0.08814
2.07495	-0.161029
1.93761	-0.213747
1.97545	-0.0327497
1.92687	-0.0307419
1.98972	-0.0249717
2.03861	0.0143588
2.02825	0.0684184
1.99	0.00911301
1.96427	-0.0157131
1.99308	0.0319218
1.95433	-0.0474806
2.02226	0.0291893
1.97682	-0.0181627
1.9257	-0.0591992
2.014	0.0149929
2.03692	0.0380619
1.94973	-0.0178762
2.02782	0.126167
1.94259	0.166859
1.87875	0.155373
1.84436	0.102101
1.86604	-0.0261019
1.98965	0.0468909
1.90316	0.0638062
1.90501	0.0464606
1.92389	0.068248
1.93776	0.0558361
1.9619	0.028158
1.94739	0.0365531
1.92049	0.0473459
1.91561	0.0183829
1.90885	0.0938898
1.9676	0.0582212
1.92745	0.00893344
1.94015	0.0865056
1.9596	0.0832168
1.87686	0.0733462
2.00725	0.0968835
1.78673	-0.145743
1.73429	-0.147855
1.69452	-0.110261
1.71963	0.0481694
1.80675	0.0459109
1.76079	0.0271375
1.75599	-0.0353961
1.80127	-0.00757111
1.76996	-0.0170242
1.77354	0.0527155
1.74627	0.0144051
1.77288	0.0237061
1.75442	-0.0496097
1.787	-0.0142113
1.79186	0.0205761
1.73929	0.0347161
1.782	-0.0506963
1.7869	-0.035297
1.72164	-0.0579176
1.75963	-0.0105999
1.73872	0.140251
1.64305	0.162065
1.58187	0.126073
1.58156	0.0100117
1.66059	-0.0300075
1.62035	0.0533761
1.66912	0.0563527
1.66048	0.0609724
1.62758	0.0247569
1.6265	-0.00633268
1.60538	0.0477441
1.63734	0.0529667
1.6574	0.0743055
1.653	0.0378761
1.64302	-0.0144693
1.61149	0.0209225
1.66307	0.00633317
1.64519	0.00809768
1.60947	0.101388
1.69607	0.081041
1.57539	-0.132681
1.50338	-0.148058
1.45001	-0.122709
1.43213	-0.0337096
1.50299	0.0546546
1.49636	-0.0322441
1.49967	-0.0172165
1.52324	-0.00975235
1.48458	-0.00753877
1.47502	0.00662172
1.47619	-0.0448908
1.5094	-0.0403864
1.54999	-0.0295293
1.51998	-0.0295101
1.48863	0.0226307
1.4685	-0.0243644
1.51675	0.0223538
1.4986	0.00615114
1.48456	-0.0893382
1.54068	-0.0524692
1.46496	0.127637
1.39011	0.152083
1.33089	0.134945
1.29682	0.0690909
1.35021	-0.0393337
1.38056	0.0246171
1.35819	0.00992274
1.36959	0.000933416
1.3588	0.0432118
1.33995	0.0429277
1.37274	0.0634101
1.39173	0.0243166
1.39852	0.00185596
1.3683	0.0189031
1.33421	0.02268
1.35144	0.0644506
1.34941	-0.0241204
1.33644	0.00811161
1.36832	0.0967944
1.41609	0.0121902
1.32261	-0.121371
1.25887	-0.14396
1.20344	-0.133476
1.16374	-0.0835685
1.18916	0.028727
1.24994	0.0016997
1.21461	-0.0223876
1.20994	-0.00771299
1.22414	-0.0342101
1.22201	-0.0553097
1.24244	-0.0296129
1.24596	0.0112474
1.23716	0.0219666
1.22481	-0.00486065
1.20214	-0.0450617
1.2394	-0.0543579
1.19439	0.0096807
1.18876	-0.0374379
1.25036	-0.0828563
1.26925	0.0198858
1.19397	0.11696
1.13634	0.141674
1.08245	0.137786
1.0384	0.101518
1.03415	0.00958789
1.09547	-0.0333789
1.08569	0.0349721
1.07246	0.0385992
1.09178	0.026056
1.10855	0.0457994
1.09991	0.0067472
1.08313	-0.0218744
1.07741	-0.00414473
1.0726	0.0186235
1.08785	0.0571963
1.10906	0.0275974
1.04762	0.0298474
1.06903	0.0708248
1.13054	0.065402
1.11233	-0.0496468
1.05554	-0.111066
1.00597	-0.134097
0.957092	-0.134331
0.913379	-0.108889
0.890094	-0.0431379
0.935287	0.0362559
0.955787	-0.0200356
0.956698	-0.0433859
0.948283	-0.0242192
0.969905	-0.00808654
0.937685	0.00037229
0.921146	0.00603815
0.927901	-0.0182633
0.93932	-0.0390743
0.971027	-0.0361002
0.952912	0.0027378
0.920626	-0.0568121
0.956611	-0.0712141
0.998429	-0.0325545
0.963918	0.0617781
0.92008	0.10657
0.8776	0.128074
0.833919	0.131876
0.792193	0.115796
0.759695	0.071642
0.77438	-0.0161675
0.803734	0.020641
0.83154	0.0121925
0.812409	0.0177038
0.804275	-0.00807249
0.787731	0.0233807
0.78156	0.0377663
0.805048	0.0410206
0.82427	0.0333658
0.820945	0.00514762
0.785795	0.00896522
0.807448	0.0695193
0.841901	0.0533932
0.85033	-0.00699187
0.815261	-0.0678609
0.780991	-0.100603
0.745422	-0.119186
0.707853	-0.12478
0.67039	-0.115771
0.636721	-0.087462
0.622322	-0.0214837
0.672195	-0.0213022
0.665228	0.00887584
0.664117	-0.0170786
0.645006	-0.0190715
0.659676	-0.0419144
0.672361	-0.046559
0.683202	-0.0201382
0.677973	-0.00129579
0.65322	-0.00822624
0.648107	-0.0474754
0.694473	-0.054725
0.708607	-0.0163021
0.694483	0.0341389
0.668922	0.0702525
0.64198	0.0946337
0.612656	0.110121
0.58129	0.116447
0.549376	0.112575
0.518775	0.0965027
0.492533	0.0599366
0.527293	0.00305321
0.5083	0.026102
0.523105	0.0253789
0.525258	0.0410379
0.540215	0.0357939
0.540429	0.0206538
0.519025	0.00429919
0.509661	0.0140957
0.514211	0.0464569
0.546098	0.049344
0.563225	0.0176147
0.555394	-0.0172789
0.539875	-0.045698
0.521446	-0.0683201
0.500492	-0.0857784
0.477172	-0.097775
0.452215	-0.103697
0.426721	-0.102981
0.401755	-0.0949728
0.377627	-0.0774979
0.35968	-0.0331922
0.395595	-0.0347268
0.384826	-0.0344571
0.397127	-0.0218597
0.386469	-0.0164046
0.375171	-0.0252565
0.373585	-0.0403761
0.390576	-0.0456489
0.40893	-0.0317875
0.412171	-0.00843322
0.406982	0.0124908
0.398026	0.031008
0.386446	0.0475383
0.372547	0.0618549
0.356587	0.0734328
0.339037	0.0817111
0.320586	0.0862744
0.302037	0.0869338
0.284141	0.0837004
0.267391	0.0765924
0.25154	0.0646739
0.244188	0.0399136
0.253391	0.0372047
0.247151	0.0482148
0.255243	0.0458676
0.259749	0.034741
0.260205	0.0243966
0.258981	0.0142322
0.256113	0.00377698
0.251704	-0.00676127
0.245757	-0.0171198
0.238313	-0.0269568
0.229484	-0.0358844
0.219472	-0.0435064
0.208592	-0.0494685
0.197268	-0.0535143
0.185999	-0.05553
0.175301	-0.0555677
0.165645	-0.0538432
0.157355	-0.0507183
0.150454	-0.0466488
0.144545	-0.0420498
0.13905	-0.037173
0.13354	-0.032147
0.127798	-0.0270695
0.121728	-0.0220509
0.115298	-0.0172249
0.108565	-0.0128461
