0.0987104	0.0307271
0.104943	0.0320185
2.05786	-0.149549
2.07563	-0.12201
2.10934	-0.120074
2.09375	-0.14153
2.05944	-0.173432
2.08095	-0.159418
2.09001	-0.175898
2.10171	-0.170024
2.01337	-0.150889
2.09708	-0.0883072
2.15954	-0.154617
2.02634	-0.219744
2.05087	-0.0277347
2.02316	-0.0232012
2.06188	-0.0340889
2.11576	0.00685477
2.12401	0.0737405
2.08531	0.0259854
2.06564	-0.00596775
2.09702	0.0522632
2.03177	-0.047114
2.11641	0.0319102
2.06283	-0.0194162
2.00517	-0.0571972
2.0992	0.0213011
2.12913	0.0274934
2.05311	0.00163319
2.1144	0.131354
2.02394	0.167727
1.96152	0.152034
1.93296	0.0913773
1.95438	-0.0346721
2.09268	0.0692932
1.99375	0.0472278
2.00597	0.0319848
2.00755	0.0619541
2.02603	0.0641458
2.06627	0.0547179
2.04865	0.0504729
2.0183	0.0460567
2.02262	0.0148472
1.98716	0.0835565
2.05677	0.0777006
2.03721	0.0235113
2.0162	0.0879161
2.03725	0.0950557
1.96686	0.0555235
2.09486	0.107942
1.86673	-0.147719
1.81563	-0.147921
1.77826	-0.106557
1.81654	0.069634
1.90478	0.0291165
1.86244	0.0350208
1.84206	-0.0219208
1.88526	-0.0286268
1.85682	-0.0101115
1.8778	0.0488115
1.83715	0.0340508
1.8677	0.0222075
1.83094	-0.035217
1.87144	-0.0218071
1.88501	0.00580068
1.84118	0.0519614
1.85025	-0.0510556
1.86249	-0.0436947
1.80537	-0.0406977
1.85255	0.00426163
1.82662	0.144208
1.72492	0.163223
1.66501	0.12042
1.67999	-0.0119894
1.76247	-0.0128028
1.70176	0.0402111
1.74983	0.0810052
1.74445	0.0725103
1.72006	0.0211156
1.73102	-0.0140212
1.69485	0.026607
1.72007	0.0488866
1.72942	0.0752281
1.74346	0.0515325
1.74631	-0.00441833
1.71133	0.00418058
1.75708	0.0289609
1.74072	0.0159063
1.68951	0.0942337
1.78059	0.0972213
1.65863	-0.135652
1.58457	-0.148376
1.53245	-0.118181
1.52617	-0.0100443
1.60563	0.0510287
1.58072	-0.0221641
1.5912	-0.0188322
1.61799	-0.0274078
1.57897	0.00431006
1.57864	0.0252454
1.55616	-0.0270458
1.58319	-0.0372494
1.63725	-0.0492628
1.60151	-0.0412167
1.59623	0.023325
1.56059	-0.000898898
1.61787	0.00550951
1.59591	0.000783915
1.56226	-0.0844141
1.61563	-0.0630177
1.55241	0.130899
1.47216	0.154421
1.41228	0.131806
1.38616	0.0530026
1.45678	-0.0394303
1.46542	0.0335808
1.46321	0.00729561
1.47513	0.0149985
1.44211	0.0406168
1.42686	0.0236621
1.44796	0.0692468
1.4732	0.0441145
1.49757	0.0251624
1.45962	0.0202917
1.42891	0.000870236
1.42811	0.0520117
1.45168	-0.0276059
1.44136	-0.00407895
1.44333	0.0974671
1.50562	0.0402085
1.40922	-0.12467
1.34065	-0.1463
1.28437	-0.13123
1.24897	-0.0713551
1.29342	0.0420689
1.33445	-0.0163703
1.30617	-0.0121116
1.31269	0.00458877
1.30934	-0.0337487
1.29603	-0.0467556
1.32648	-0.0462776
1.34332	-0.00710203
1.34624	0.0122402
1.32124	-0.00831104
1.28417	-0.0269574
1.31285	-0.0618363
1.29609	0.0249291
1.2834	-0.0121652
1.32561	-0.0895015
1.36573	-0.00689756
1.28223	0.120203
1.21935	0.145046
1.16319	0.137551
1.12056	0.0928607
1.13447	-0.0136809
1.19954	-0.0182745
1.16937	0.0296782
1.15844	0.0205594
1.18248	0.0336556
1.18299	0.0570947
1.19916	0.0255675
1.18938	-0.0204873
1.17876	-0.00899382
1.17097	0.00950346
1.16249	0.0530424
1.19632	0.0497463
1.14073	0.00633905
1.14511	0.0564909
1.21011	0.0799613
1.21246	-0.0354959
1.14386	-0.114353
1.08954	-0.137984
1.03767	-0.135381
0.993918	-0.103017
0.982153	-0.0200487
1.04004	0.0374285
1.04221	-0.0328694
1.03033	-0.042599
1.04109	-0.0224693
1.06416	-0.0323194
1.04272	0.000748392
1.02702	0.0213912
1.02313	0.000919247
1.02254	-0.0243964
1.04841	-0.0522668
1.05694	-0.0129511
1.001	-0.0386506
1.02862	-0.0715146
1.08552	-0.0544743
1.0615	0.0541376
1.0097	0.109868
0.962424	0.132819
0.915074	0.134686
0.871481	0.112898
0.843527	0.0557101
0.878581	-0.0307089
0.90034	0.015711
0.916831	0.0367745
0.902194	0.0248172
0.914287	-0.00143517
0.883091	0.00518777
0.867536	0.0113488
0.881986	0.0312944
0.900223	0.0435401
0.923096	0.0242136
0.89463	-0.00275342
0.880409	0.0651616
0.9185	0.068305
0.948504	0.0187304
0.911082	-0.0644888
0.87099	-0.104202
0.831061	-0.124616
0.789538	-0.129089
0.749235	-0.115643
0.7158	-0.07744
0.719476	0.00571271
0.756402	-0.022722
0.777092	0.00128924
0.760617	-0.0143228
0.745158	0.00373155
0.74134	-0.0314683
0.74154	-0.0459953
0.764869	-0.0375708
0.777979	-0.0213022
0.762714	-0.000569529
0.731934	-0.0212378
0.768453	-0.0667138
0.797678	-0.0415939
0.796237	0.0185391
0.764507	0.069246
0.732941	0.0989148
0.699587	0.116509
0.664145	0.122546
0.62845	0.115604
0.595508	0.0921328
0.57431	0.0373738
0.624971	0.0168961
0.604726	-0.000843863
0.614759	0.0209798
0.600706	0.0322852
0.618104	0.0444992
0.631276	0.0390335
0.630637	0.00878167
0.618277	-0.00152327
0.597831	0.0210715
0.611656	0.0556909
0.652003	0.0439561
0.656532	0.00248157
0.639914	-0.0394628
0.617241	-0.0698781
0.592557	-0.0916631
0.565372	-0.105947
0.536237	-0.112239
0.50649	-0.10967
0.477647	-0.0967866
0.451104	-0.0681167
0.464109	-0.00398776
0.467176	-0.0375712
0.473692	-0.0271201
0.48499	-0.0380312
0.49278	-0.0252885
0.483764	-0.0143093
0.461801	-0.0135722
0.459184	-0.029374
0.478838	-0.0505208
0.505398	-0.0360759
0.510165	-0.00412605
0.500461	0.0242167
0.486417	0.0475636
0.469752	0.0669187
0.45061	0.0822257
0.429319	0.0929445
0.406623	0.0984982
0.383509	0.0984687
0.360901	0.0925037
0.33909	0.0795367
0.317316	0.0503382
0.347113	0.0266484
0.340968	0.0360986
0.338521	0.0209865
0.328814	0.0278189
0.327745	0.040427
0.339954	0.0461108
0.354173	0.0346344
0.358785	0.0164424
0.35652	-0.000749358
0.350831	-0.0167006
0.342571	-0.0316242
0.332078	-0.0452761
0.319565	-0.0571964
0.305339	-0.066849
0.289879	-0.0737555
0.273822	-0.0776034
0.257882	-0.0782989
0.24275	-0.0759576
0.229034	-0.0708355
0.217376	-0.0632015
0.209458	-0.053424
0.210192	-0.0469593
0.213043	-0.0430675
0.212497	-0.0356428
0.210896	-0.027825
0.208448	-0.0196785
0.205075	-0.0112842
0.200703	-0.00279607
0.195308	0.00557318
0.188899	0.013573
0.181532	0.0209231
0.173342	0.0273338
0.164541	0.0325392
0.155423	0.0363378
0.146332	0.0386362
0.137601	0.0394841
0.129462	0.0390831
0.12197	0.0377457
0.114998	0.0358121
0.108338	0.0335255
