0.0999367	0.027597
0.106317	0.0300557
1.81093	-0.122721
1.83741	-0.129869
1.82973	-0.15205
1.79693	-0.154063
1.77989	-0.123836
1.78845	-0.139936
1.77165	-0.148477
1.7787	-0.17338
1.7543	-0.110693
1.85826	-0.0928436
1.86761	-0.176276
1.72915	-0.198255
1.79733	-0.0128851
1.70918	-0.0508012
1.78552	-0.0122596
1.82963	0.0390357
1.79082	0.040134
1.75018	-0.0136114
1.75331	-0.0395126
1.73672	-0.0237093
1.78311	-0.0366878
1.80651	0.01105
1.76335	-0.0243445
1.7497	-0.0624069
1.81524	0.0240298
1.80505	0.035941
1.73365	-0.0496142
1.81909	0.11604
1.74741	0.161467
1.68365	0.16018
1.63873	0.121991
1.64373	0.00711316
1.72002	-0.0164767
1.71539	0.073791
1.70636	0.0823181
1.72314	0.0527673
1.71291	0.0347423
1.69765	-0.000914836
1.70118	0.0222884
1.70467	0.062518
1.68774	0.0480768
1.73089	0.0889922
1.72203	0.00698384
1.67613	0.0266968
1.74538	0.0512497
1.73831	0.0336464
1.68098	0.10361
1.78636	0.066442
1.59623	-0.139688
1.54153	-0.147459
1.49693	-0.119477
1.48976	-0.0166071
1.56499	0.0646816
1.53635	-0.0119155
1.58033	-0.0561097
1.56711	0.0300861
1.57211	-0.0178038
1.52604	0.0206231
1.54721	-0.0215208
1.54161	0.00694746
1.58086	-0.0421113
1.56703	0.00124329
1.5464	0.0315077
1.5195	-0.0241721
1.59621	-0.0130855
1.57991	0.00559798
1.53203	-0.0814778
1.56852	-0.0381152
1.52835	0.131597
1.44726	0.156794
1.38637	0.135652
1.35702	0.0596737
1.41719	-0.0403834
1.44024	0.0523707
1.42868	0.0103229
1.44312	0.0155403
1.41301	0.0420401
1.39646	0.0360884
1.4217	0.0689388
1.44468	0.0364397
1.46374	0.0262299
1.42782	0.0242474
1.39502	0.011215
1.40453	0.064525
1.42064	-0.0212179
1.40842	0.00400953
1.4253	0.104725
1.48048	0.0206591
1.37407	-0.124956
1.30989	-0.14488
1.2557	-0.130804
1.2201	-0.0735998
1.25863	0.0415729
1.31042	-0.0170288
1.28513	-0.0186858
1.27654	0.00159211
1.27473	-0.0304376
1.26753	-0.0470861
1.29739	-0.0421097
1.31171	-0.000823839
1.31326	0.0202115
1.29436	-0.00617787
1.25328	-0.0286438
1.28407	-0.0566361
1.26656	0.0222413
1.25532	-0.0141229
1.30363	-0.0866715
1.33614	0.00114394
1.25508	0.11973
1.19359	0.144891
1.13785	0.138603
1.09453	0.0964134
1.10247	-0.00606285
1.16801	-0.0230452
1.14139	0.0340706
1.13026	0.0273509
1.15382	0.0337731
1.16101	0.0562359
1.16668	0.0191023
1.15702	-0.018795
1.14605	-0.0098774
1.14041	0.0125311
1.13836	0.0576002
1.17079	0.0435309
1.11097	0.0146719
1.12042	0.0629424
1.18633	0.0767061
1.17937	-0.0421238
1.11453	-0.113508
1.06202	-0.136623
1.01137	-0.134678
0.967942	-0.104327
0.952535	-0.0265021
1.00807	0.0379164
1.01789	-0.0299357
1.0063	-0.0450235
1.01082	-0.0243078
1.03583	-0.0240449
1.00831	0.00154775
0.995106	0.0193673
0.991784	-0.00270577
0.995022	-0.0279704
1.0256	-0.0486991
1.02476	-0.00580284
0.975004	-0.0439293
1.0049	-0.0716291
1.05919	-0.0480165
1.03114	0.0568
0.981932	0.109069
0.936124	0.131671
0.889854	0.134204
0.846729	0.114226
0.81695	0.0612386
0.846313	-0.0270186
0.86943	0.0164895
0.89207	0.031055
0.875392	0.0234954
0.880355	-0.00542569
0.852583	0.0113819
0.838812	0.019771
0.856989	0.0361359
0.87724	0.0427237
0.893204	0.0175546
0.85973	-0.00129815
0.857611	0.0678827
0.895163	0.0649534
0.918591	0.01044
0.880833	-0.0657924
0.842681	-0.103105
0.804153	-0.122925
0.763874	-0.127736
0.724434	-0.115676
0.690749	-0.0805573
0.688642	-0.00148257
0.729826	-0.0234508
0.743698	0.00609867
0.730385	-0.0140375
0.712069	-0.00176698
0.715907	-0.035107
0.719492	-0.0485561
0.740998	-0.0335292
0.748974	-0.0142598
0.728805	-0.000489409
0.70326	-0.0300259
0.745988	-0.0640372
0.771056	-0.0343258
0.764769	0.0241542
0.73496	0.0697784
0.704871	0.0977591
0.672766	0.114728
0.638562	0.1209
0.603986	0.114963
0.571666	0.093949
0.548089	0.045041
0.596929	0.0135498
0.572428	0.00673266
0.586435	0.0224648
0.577016	0.0371345
0.594512	0.0437271
0.605053	0.0335654
0.597477	0.00393613
0.583536	0.000511874
0.568814	0.0295916
0.591806	0.056775
0.62605	0.0363285
0.625633	-0.0045761
0.608843	-0.041823
0.587618	-0.0695512
0.564135	-0.0899567
0.53815	-0.103549
0.510294	-0.109766
0.481828	-0.107833
0.454107	-0.096585
0.427926	-0.0717274
0.428912	-0.0103237
0.445961	-0.0401795
0.445247	-0.0288568
0.460667	-0.0337655
0.462378	-0.0196074
0.44962	-0.0142775
0.431289	-0.0211607
0.434703	-0.0381923
0.45915	-0.0483246
0.479031	-0.0270537
0.478681	0.00223322
0.468919	0.0270755
0.455693	0.0480483
0.439925	0.0657416
0.421773	0.0798705
0.401628	0.0898488
0.380225	0.0951393
0.35849	0.0953998
0.337284	0.0904142
0.316938	0.0795625
0.295989	0.0572592
0.315221	0.0251116
0.314943	0.0355548
0.305101	0.0269598
0.300696	0.037629
0.307102	0.0456394
0.320794	0.0412053
0.327419	0.025688
0.327555	0.0104693
0.324347	-0.00393529
0.318611	-0.0178317
0.310678	-0.0310455
0.300744	-0.0431939
0.289013	-0.0537923
0.2758	-0.0623409
0.261577	-0.068422
0.246947	-0.0717819
0.232574	-0.072371
0.219116	-0.0703373
0.207227	-0.0659857
0.197741	-0.0597782
0.191987	-0.0526873
0.189996	-0.0462099
0.18855	-0.0398386
0.186224	-0.0329635
0.183146	-0.0257489
0.17936	-0.0183309
0.174842	-0.0108431
0.169557	-0.0034465
0.163505	0.00366355
0.156723	0.0102647
0.149304	0.0161212
0.141408	0.0210088
0.133261	0.0247503
0.125133	0.027261
0.117286	0.0285946
0.109888	0.0289574
