0.00567458
0.00632398
0.00761915
0.00955292
 0.0121147
  0.015291
 0.0190653
 0.0234188
 0.0283308
 0.0337792
 0.0397409
 0.0461921
 0.0531093
 0.0604692
 0.0682493
 0.0764281
 0.0849854
 0.0939027
  0.103163
   0.11275
   0.12265
  0.132851
   0.14334
  0.154106
   0.16514
  0.176432
  0.187972
  0.199753
  0.211763
  0.223997
  0.236447
  0.249108
  0.261979
  0.275063
   0.28837
  0.301922
  0.315757
   0.32993
  0.344529
  0.359675
   0.37554
  0.392354
   0.41041
  0.430045
   0.45153
  0.474707
  0.497871
  0.514743
  0.508602
  0.452316
  0.337965
  0.194733
 0.0686043
-0.0242281
-0.0891449
 -0.134751
 -0.167469
 -0.191452
 -0.209319
 -0.222748
 -0.232837
 -0.240328
 -0.245734
 -0.249422
 -0.251661
 -0.252655
 -0.252564
 -0.251517
 -0.249621
 -0.246972
 -0.243654
 -0.239743
 -0.235315
 -0.230438
 -0.225179
 -0.219606
 -0.213781
 -0.207767
 -0.201624
  -0.19541
 -0.189181
 -0.182989
 -0.176884
 -0.170912
 -0.165115
 -0.159534
 -0.154202
  -0.14915
 -0.144407
 -0.139995
 -0.135935
 -0.132244
 -0.128936
 -0.126021
 -0.123509
 -0.121406
 -0.119719
  -0.11845
 -0.117603
 -0.117179
         0
         0
