 -0.0319224
 -0.0307074
 -0.0284051
 -0.0252391
 -0.0214799
 -0.0173974
 -0.0132269
-0.00915314
-0.00530795
 -0.0017762
 0.00139513
 0.00418775
 0.00660423
 0.00866183
   0.010388
  0.0118175
  0.0129895
   0.013947
  0.0147353
  0.0154012
  0.0159927
  0.0165588
  0.0171485
  0.0178112
  0.0185961
  0.0195521
  0.0207278
  0.0221713
  0.0239305
  0.0260539
  0.0285908
  0.0315927
  0.0351153
  0.0392204
  0.0439803
   0.049482
  0.0558348
  0.0631801
  0.0717054
  0.0816654
  0.0934121
    0.10744
   0.124454
   0.145465
   0.171917
   0.205787
   0.249365
   0.303626
   0.362482
   0.403703
   0.400327
     0.3531
   0.289897
   0.232562
   0.186544
    0.15045
   0.121772
   0.098422
  0.0789015
  0.0621749
  0.0475294
  0.0344718
  0.0226571
  0.0118422
 0.00185381
-0.00743249
 -0.0161069
 -0.0242354
 -0.0318671
  -0.039039
 -0.0457795
  -0.052111
 -0.0580514
 -0.0636153
 -0.0688145
 -0.0736586
 -0.0781546
 -0.0823074
 -0.0861195
 -0.0895904
 -0.0927169
 -0.0954931
 -0.0979099
 -0.0999556
  -0.101616
  -0.102877
  -0.103721
  -0.104137
  -0.104114
  -0.103653
  -0.102765
  -0.101481
 -0.0998538
 -0.0979674
 -0.0959358
 -0.0939002
 -0.0920184
 -0.0904464
 -0.0893181
 -0.0887294
          0
-0.00825017
