 -0.0178889
 -0.0187646
  -0.020491
 -0.0230219
 -0.0262974
 -0.0302501
 -0.0348117
 -0.0399165
 -0.0455036
 -0.0515175
 -0.0579074
 -0.0646267
 -0.0716319
  -0.078881
 -0.0863333
 -0.0939475
  -0.101682
  -0.109493
  -0.117335
  -0.125162
  -0.132924
   -0.14057
  -0.148045
  -0.155295
  -0.162262
  -0.168887
   -0.17511
  -0.180869
  -0.186099
  -0.190736
  -0.194709
  -0.197944
  -0.200362
  -0.201872
   -0.20237
   -0.20173
  -0.199797
  -0.196374
  -0.191196
  -0.183904
  -0.173998
  -0.160755
  -0.143109
  -0.119443
 -0.0872526
 -0.0426222
  0.0203828
   0.109369
   0.227997
   0.358607
   0.456957
    0.49786
   0.492696
   0.468504
   0.440645
   0.414326
   0.390609
   0.369291
    0.34989
   0.331947
    0.31509
   0.299038
   0.283587
   0.268589
   0.253942
   0.239574
   0.225438
   0.211503
    0.19775
   0.184169
   0.170755
   0.157506
   0.144422
   0.131507
   0.118763
   0.106194
   0.093803
  0.0815957
  0.0695776
   0.057756
  0.0461397
  0.0347399
  0.0235705
  0.0126484
 0.00199451
-0.00836629
 -0.0184044
 -0.0280854
 -0.0373692
 -0.0462103
 -0.0545572
 -0.0623529
 -0.0695351
 -0.0760368
 -0.0817881
 -0.0867187
 -0.0907606
 -0.0938525
 -0.0959439
  -0.096999
          0
 -0.0197475
