 -0.0250234
 -0.0243417
 -0.0230743
  -0.021389
  -0.019487
 -0.0175668
 -0.0157978
 -0.0143084
 -0.0131851
 -0.0124774
 -0.0122051
 -0.0123661
 -0.0129423
 -0.0139046
 -0.0152159
 -0.0168339
 -0.0187125
 -0.0208026
 -0.0230532
 -0.0254117
  -0.027824
  -0.030235
 -0.0325892
 -0.0348303
 -0.0369018
  -0.038747
 -0.0403093
 -0.0415318
 -0.0423573
 -0.0427279
  -0.042584
 -0.0418628
  -0.040497
 -0.0384114
  -0.035519
 -0.0317156
 -0.0268716
 -0.0208202
 -0.0133409
-0.00413414
 0.00721552
  0.0212973
  0.0389625
  0.0614621
   0.090648
   0.129219
   0.180774
   0.248559
   0.329563
    0.40233
   0.433135
    0.41399
   0.368155
   0.319972
    0.27842
   0.244285
   0.216176
   0.192571
   0.172265
    0.15438
   0.138297
   0.123576
    0.10991
  0.0970806
  0.0849335
  0.0733592
  0.0622803
  0.0516416
  0.0414043
  0.0315406
  0.0220308
  0.0128609
 0.00402053
-0.00449731
 -0.0126974
 -0.0205825
 -0.0281532
 -0.0354081
 -0.0423433
 -0.0489525
 -0.0552263
 -0.0611523
 -0.0667151
 -0.0718957
 -0.0766727
 -0.0810221
  -0.084919
 -0.0883385
 -0.0912585
 -0.0936628
 -0.0955446
 -0.0969117
 -0.0977913
 -0.0982346
 -0.0983185
 -0.0981426
 -0.0978203
 -0.0974642
 -0.0971703
 -0.0970063
          0
 -0.0134374
