 -0.0206522
 -0.0205751
 -0.0204763
 -0.0204508
 -0.0206101
 -0.0210595
 -0.0218832
  -0.023138
 -0.0248541
 -0.0270386
 -0.0296812
 -0.0327587
  -0.036239
 -0.0400836
 -0.0442498
 -0.0486916
 -0.0533606
 -0.0582063
 -0.0631762
 -0.0682165
 -0.0732714
 -0.0782841
 -0.0831966
 -0.0879497
 -0.0924836
 -0.0967375
   -0.10065
   -0.10416
  -0.107204
  -0.109718
  -0.111635
  -0.112884
  -0.113391
   -0.11307
  -0.111824
  -0.109534
  -0.106057
  -0.101206
 -0.0947356
 -0.0863108
 -0.0754663
 -0.0615375
 -0.0435539
 -0.0200667
  0.0111199
  0.0533286
   0.111316
   0.190411
   0.290598
    0.39166
   0.454239
   0.462244
   0.434011
   0.395693
   0.359414
   0.328011
    0.30119
   0.277999
   0.257539
   0.239103
   0.222171
   0.206369
   0.191429
   0.177161
   0.163431
   0.150146
   0.137241
   0.124672
   0.112408
   0.100431
  0.0887278
  0.0772913
  0.0661171
  0.0552037
  0.0445512
  0.0341613
  0.0240373
  0.0141843
 0.00460917
-0.00467874
 -0.0136675
 -0.0223419
 -0.0306839
 -0.0386715
 -0.0462793
 -0.0534786
 -0.0602379
 -0.0665237
 -0.0723021
 -0.0775407
 -0.0822116
 -0.0862946
 -0.0897817
 -0.0926802
 -0.0950156
  -0.096831
 -0.0981825
 -0.0991305
 -0.0997291
  -0.100018
          0
 -0.0173026
