  -0.028117
 -0.0271589
 -0.0253554
  -0.022904
  -0.020043
 -0.0170089
 -0.0140065
 -0.0111945
-0.00868347
-0.00654166
-0.00480319
 -0.0034764
  -0.002551
 -0.0020036
-0.00180168
 -0.0019064
-0.00227452
-0.00285966
-0.00361318
-0.00448481
-0.00542303
-0.00637548
-0.00728925
-0.00811113
-0.00878784
 -0.0092662
-0.00949319
-0.00941595
-0.00898152
-0.00813639
-0.00682573
-0.00499211
-0.00257367
 0.00049855
 0.00430439
 0.00893993
  0.0145251
  0.0212144
  0.0292127
  0.0387978
  0.0503547
  0.0644267
   0.081794
   0.103591
    0.13147
   0.167777
   0.215464
   0.276652
   0.346787
   0.403974
   0.417782
   0.384567
   0.329947
   0.277073
   0.233183
   0.197979
   0.169507
   0.145959
   0.125981
   0.108615
  0.0931916
  0.0792457
  0.0664497
  0.0545724
  0.0434499
  0.0329651
  0.0230341
  0.0135964
 0.00460815
-0.00396296
 -0.0121409
 -0.0199436
 -0.0273851
 -0.0344758
  -0.041224
 -0.0476354
 -0.0537136
 -0.0594601
 -0.0648737
 -0.0699508
 -0.0746847
 -0.0790658
 -0.0830815
 -0.0867161
 -0.0899515
  -0.092768
  -0.095145
 -0.0970635
  -0.098508
 -0.0994704
 -0.0999539
 -0.0999784
 -0.0995859
 -0.0988452
 -0.0978534
 -0.0967325
  -0.095619
 -0.0946475
 -0.0939322
 -0.0935541
          0
 -0.0109746
