 -0.0730404
 -0.0708965
  -0.066758
 -0.0608883
 -0.0536115
 -0.0452582
  -0.036127
 -0.0264645
 -0.0164612
-0.00625646
 0.00405232
  0.0144002
  0.0247462
  0.0350667
  0.0453502
  0.0555939
  0.0658007
  0.0759778
  0.0861351
  0.0962844
   0.106439
   0.116611
   0.126816
   0.137066
   0.147375
   0.157754
   0.168215
   0.178769
   0.189425
   0.200192
    0.21108
   0.222099
    0.23326
    0.24458
    0.25608
   0.267792
   0.279759
   0.292044
   0.304736
   0.317958
   0.331876
   0.346715
    0.36276
   0.380344
   0.399759
   0.420942
   0.442491
   0.458981
   0.455638
   0.408053
   0.308363
      0.182
  0.0699481
 -0.0129446
 -0.0711748
  -0.112281
   -0.14194
  -0.163836
  -0.180299
   -0.19282
  -0.202377
  -0.209626
  -0.215021
  -0.218884
  -0.221448
  -0.222887
  -0.223335
  -0.222898
  -0.221663
  -0.219703
   -0.21708
  -0.213852
  -0.210071
  -0.205783
  -0.201034
  -0.195865
  -0.190317
  -0.184426
  -0.178228
  -0.171753
  -0.165031
  -0.158088
  -0.150947
  -0.143628
  -0.136149
  -0.128527
  -0.120775
  -0.112909
   -0.10495
 -0.0969226
 -0.0888639
 -0.0808291
  -0.072899
 -0.0651892
 -0.0578587
 -0.0511154
 -0.0452127
 -0.0404329
  -0.037053
 -0.0352992
          0
  0.0118164
