 -0.0797555
 -0.0808478
  -0.082951
 -0.0859149
 -0.0895443
 -0.0936282
 -0.0979664
  -0.102388
  -0.106761
   -0.11099
  -0.115009
  -0.118782
  -0.122286
  -0.125513
  -0.128462
  -0.131135
  -0.133534
  -0.135663
  -0.137521
  -0.139108
  -0.140418
  -0.141443
  -0.142172
  -0.142591
  -0.142684
  -0.142429
  -0.141807
  -0.140791
  -0.139356
  -0.137472
  -0.135104
  -0.132215
  -0.128761
  -0.124688
   -0.11993
  -0.114404
     -0.108
  -0.100573
 -0.0919224
  -0.081773
 -0.0697333
  -0.055239
 -0.0374605
 -0.0151556
  0.0135607
  0.0515357
   0.102825
   0.171901
    0.25847
   0.344727
   0.396804
    0.40149
   0.375491
   0.341649
   0.310312
   0.283767
   0.261643
    0.24304
   0.227129
   0.213265
   0.200971
   0.189898
   0.179797
   0.170484
   0.161824
    0.15372
   0.146096
   0.138895
    0.13207
   0.125584
   0.119404
   0.113498
   0.107838
   0.102396
  0.0971433
  0.0920502
  0.0870873
  0.0822238
  0.0774286
  0.0726701
  0.0679161
  0.0631347
  0.0582939
  0.0533626
  0.0483104
  0.0431091
  0.0377329
  0.0321606
  0.0263772
  0.0203779
  0.0141725
  0.0077924
 0.00129891
-0.00520588
 -0.0115684
 -0.0175759
 -0.0229571
 -0.0273994
 -0.0305867
 -0.0322559
          0
-0.00562352
