 -0.0958567
 -0.0945368
 -0.0919363
 -0.0881291
 -0.0832142
 -0.0773049
 -0.0705178
 -0.0629644
  -0.054746
 -0.0459518
 -0.0366583
 -0.0269305
 -0.0168229
-0.00638149
 0.00435589
  0.0153578
  0.0265984
  0.0380568
  0.0497161
   0.061563
   0.073587
  0.0857799
  0.0981354
   0.110649
   0.123315
   0.136132
   0.149097
   0.162205
   0.175455
   0.188845
   0.202374
   0.216042
   0.229853
   0.243817
    0.25795
   0.272279
   0.286848
   0.301723
   0.316997
   0.332807
    0.34934
    0.36685
    0.38567
   0.406195
   0.428802
   0.453517
   0.478972
    0.49948
    0.49914
   0.451086
   0.345731
   0.210039
  0.0887612
-0.00129662
 -0.0646057
    -0.1092
  -0.141204
  -0.164619
  -0.181986
  -0.194936
  -0.204543
  -0.211531
  -0.216405
  -0.219521
  -0.221144
  -0.221472
  -0.220659
  -0.218831
   -0.21609
  -0.212528
  -0.208222
  -0.203247
   -0.19767
  -0.191556
  -0.184967
  -0.177964
  -0.170606
  -0.162947
  -0.155044
  -0.146949
  -0.138712
  -0.130382
  -0.122003
   -0.11362
  -0.105273
 -0.0970016
 -0.0888432
 -0.0808351
 -0.0730153
 -0.0654241
 -0.0581058
 -0.0511116
 -0.0445021
 -0.0383504
 -0.0327449
 -0.0277899
 -0.0236042
 -0.0203135
 -0.0180377
 -0.0168729
          0
   0.019141
