  -0.101301
  -0.101008
  -0.100403
 -0.0994454
 -0.0980818
 -0.0962523
 -0.0939014
 -0.0909862
 -0.0874817
 -0.0833807
 -0.0786916
 -0.0734346
 -0.0676379
 -0.0613337
 -0.0545562
 -0.0473388
 -0.0397132
 -0.0317081
 -0.0233488
 -0.0146573
-0.00565195
 0.00365226
  0.0132433
  0.0231119
   0.033251
  0.0436556
  0.0543224
  0.0652497
  0.0764373
   0.087887
  0.0996028
   0.111592
   0.123868
   0.136449
   0.149366
   0.162662
   0.176403
   0.190682
   0.205634
   0.221448
   0.238392
   0.256843
    0.27732
   0.300531
    0.32738
   0.358823
   0.395163
   0.433578
   0.461969
    0.45419
   0.391861
   0.291008
   0.190956
   0.111937
  0.0539929
  0.0118102
 -0.0193596
 -0.0428347
 -0.0608088
 -0.0747294
 -0.0855664
 -0.0939839
  -0.100447
  -0.105291
   -0.10876
  -0.111041
  -0.112279
  -0.112591
  -0.112074
  -0.110814
  -0.108886
  -0.106361
  -0.103305
 -0.0997829
 -0.0958568
 -0.0915891
 -0.0870408
 -0.0822727
 -0.0773447
 -0.0723158
 -0.0672442
 -0.0621868
 -0.0571992
 -0.0523353
 -0.0476476
 -0.0431867
 -0.0390009
 -0.0351364
 -0.0316359
 -0.0285379
 -0.0258747
 -0.0236695
  -0.021933
 -0.0206583
 -0.0198156
 -0.0193487
 -0.0191741
 -0.0191871
 -0.0192771
 -0.0193495
          0
  0.0168777
