  -0.100375
  -0.100315
  -0.100166
 -0.0998755
  -0.099366
 -0.0985497
 -0.0973402
 -0.0956642
 -0.0934692
 -0.0907248
  -0.087421
 -0.0835637
 -0.0791703
 -0.0742657
 -0.0688784
 -0.0630379
 -0.0567734
 -0.0501118
 -0.0430772
 -0.0356905
 -0.0279693
 -0.0199279
 -0.0115773
-0.00292585
 0.00602059
  0.0152584
   0.024786
  0.0346035
  0.0447128
  0.0551183
  0.0658267
  0.0768488
  0.0882003
  0.0999047
   0.111996
   0.124525
   0.137561
   0.151208
   0.165608
   0.180967
   0.197574
   0.215835
   0.236325
   0.259835
   0.287422
   0.320326
    0.35939
   0.402788
    0.43992
   0.445438
   0.398481
   0.311157
   0.220167
   0.146423
   0.091437
  0.0508984
  0.0206104
-0.00245092
 -0.0203185
 -0.0343479
 -0.0454539
 -0.0542663
 -0.0612275
 -0.0666557
 -0.0707853
 -0.0737937
 -0.0758189
 -0.0769722
 -0.0773465
 -0.0770222
 -0.0760716
 -0.0745617
 -0.0725559
  -0.070116
 -0.0673023
 -0.0641749
 -0.0607931
 -0.0572161
 -0.0535027
 -0.0497111
 -0.0458987
 -0.0421221
 -0.0384366
 -0.0348964
 -0.0315537
 -0.0284589
 -0.0256602
 -0.0232022
 -0.0211256
 -0.0194647
 -0.0182451
   -0.01748
 -0.0171645
 -0.0172702
 -0.0177379
 -0.0184739
 -0.0193495
  -0.020211
 -0.0208996
 -0.0212823
          0
  0.0151482
