 -0.0685236
 -0.0697257
 -0.0720448
 -0.0753232
 -0.0793552
  -0.083916
 -0.0887904
 -0.0937921
 -0.0987731
  -0.103624
   -0.10827
  -0.112662
  -0.116772
  -0.120584
  -0.124093
  -0.127297
  -0.130196
  -0.132793
  -0.135087
  -0.137075
  -0.138755
  -0.140118
  -0.141154
  -0.141852
  -0.142195
  -0.142166
  -0.141745
  -0.140908
  -0.139631
  -0.137885
  -0.135638
  -0.132854
  -0.129489
   -0.12549
  -0.120794
  -0.115316
  -0.108948
  -0.101544
 -0.0929041
 -0.0827518
 -0.0706942
 -0.0561642
  -0.038328
 -0.0159362
  0.0129074
  0.0510687
   0.102633
   0.172111
   0.259242
   0.346154
   0.398776
   0.403756
   0.377823
   0.343935
   0.312514
    0.28588
    0.26367
   0.244986
   0.228997
   0.215056
   0.202684
   0.191532
   0.181348
   0.171948
   0.163196
   0.154992
    0.14726
   0.139941
   0.132987
    0.12636
   0.120023
   0.113946
   0.108096
   0.102445
  0.0969606
  0.0916118
  0.0863664
  0.0811913
  0.0760527
  0.0709163
  0.0657476
  0.0605121
  0.0551757
  0.0497055
    0.04407
  0.0382402
  0.0321909
  0.0259027
   0.019364
  0.0125757
 0.00555567
-0.00165347
-0.00897541
 -0.0162892
 -0.0234185
 -0.0301246
 -0.0361086
 -0.0410311
 -0.0445528
 -0.0463937
          0
-0.00109926
