  -0.0436554
  -0.0453302
  -0.0485574
   -0.053119
  -0.0587447
  -0.0651566
  -0.0721022
  -0.0793731
  -0.0868089
   -0.094293
   -0.101745
    -0.10911
   -0.116352
    -0.12345
   -0.130386
   -0.137148
   -0.143725
   -0.150106
   -0.156277
   -0.162222
   -0.167924
    -0.17336
   -0.178506
   -0.183336
   -0.187819
   -0.191923
   -0.195613
   -0.198852
   -0.201599
   -0.203812
   -0.205444
   -0.206443
    -0.20675
   -0.206298
   -0.205005
    -0.20277
   -0.199466
   -0.194925
   -0.188922
   -0.181147
   -0.171161
   -0.158328
   -0.141705
   -0.119855
  -0.0905414
  -0.0502509
  0.00637604
    0.086304
    0.193195
    0.311837
    0.402778
    0.442837
    0.441289
    0.422081
    0.399125
     0.37728
     0.35764
    0.340107
    0.324301
     0.30984
    0.296408
    0.283763
    0.271723
    0.260156
    0.248967
    0.238085
    0.227462
    0.217062
    0.206857
    0.196827
    0.186956
    0.177229
    0.167632
    0.158151
    0.148773
    0.139483
    0.130263
    0.121098
     0.11197
     0.10286
     0.09375
    0.084621
    0.075455
   0.0662349
   0.0569452
    0.047573
   0.0381095
   0.0285517
   0.0189049
  0.00918702
-0.000566627
  -0.0102959
  -0.0199068
  -0.0292612
  -0.0381668
  -0.0463705
  -0.0535619
  -0.0593938
  -0.0635227
  -0.0656671
           0
 -0.00969173
