 -0.0364176
 -0.0381676
 -0.0415401
 -0.0463096
 -0.0521995
 -0.0589284
 -0.0662432
 -0.0739366
   -0.08185
 -0.0898678
 -0.0979097
  -0.105921
  -0.113863
  -0.121712
  -0.129449
  -0.137056
   -0.14452
  -0.151824
   -0.15895
  -0.165879
  -0.172588
  -0.179049
  -0.185235
  -0.191114
   -0.19665
  -0.201806
  -0.206544
  -0.210821
  -0.214592
   -0.21781
  -0.220422
  -0.222373
  -0.223598
  -0.224026
  -0.223569
  -0.222121
  -0.219549
  -0.215677
  -0.210273
  -0.203014
  -0.193447
  -0.180915
  -0.164438
  -0.142526
  -0.112844
 -0.0717056
  -0.013425
  0.0695504
   0.181738
   0.308297
   0.408206
   0.455977
   0.459441
   0.443022
   0.421513
   0.400355
   0.380956
   0.363384
   0.347348
   0.332517
   0.318605
    0.30539
   0.292704
   0.280426
   0.268465
   0.256761
   0.245268
   0.233956
   0.222803
   0.211794
   0.200915
   0.190157
   0.179511
   0.168968
   0.158517
    0.14815
   0.137853
   0.127616
   0.117424
   0.107265
  0.0971249
  0.0869901
  0.0768479
  0.0666863
  0.0564954
  0.0462681
  0.0360014
   0.025698
  0.0153693
 0.00503897
-0.00525217
 -0.0154394
 -0.0254255
 -0.0350714
  -0.044187
 -0.0525262
 -0.0597908
 -0.0656507
 -0.0697824
 -0.0719228
          0
 -0.0121774
