 -0.0247105
 -0.0240304
 -0.0227661
 -0.0210849
 -0.0191878
  -0.017273
 -0.0155095
 -0.0140256
 -0.0129078
 -0.0122053
 -0.0119381
  -0.012104
  -0.012685
 -0.0136518
 -0.0149676
 -0.0165898
 -0.0184725
 -0.0205667
 -0.0228212
 -0.0251833
 -0.0275991
 -0.0300135
 -0.0323708
 -0.0346148
  -0.036689
 -0.0385367
 -0.0401011
 -0.0413255
 -0.0421526
 -0.0425245
 -0.0423815
  -0.041661
 -0.0402954
 -0.0382096
 -0.0353166
 -0.0315122
 -0.0266667
 -0.0206133
 -0.0131314
-0.00392138
 0.00743238
  0.0215192
  0.0391906
  0.0616977
  0.0908927
   0.129475
   0.181041
   0.248835
   0.329838
   0.402577
   0.433323
   0.414104
   0.368202
   0.319968
   0.278379
   0.244217
   0.216088
   0.192467
   0.172148
   0.154252
   0.138158
   0.123429
   0.109754
  0.0969172
  0.0847627
  0.0731813
  0.0620954
  0.0514499
   0.041206
  0.0313358
  0.0218196
  0.0126432
 0.00379654
-0.00472758
 -0.0129339
 -0.0208252
 -0.0284021
 -0.0356632
 -0.0426045
 -0.0492198
 -0.0554997
 -0.0614319
 -0.0670007
 -0.0721874
 -0.0769704
 -0.0813259
 -0.0852287
 -0.0886543
 -0.0915804
 -0.0939907
 -0.0958785
 -0.0972515
 -0.0981371
 -0.0985861
 -0.0986754
 -0.0985045
 -0.0981866
 -0.0978339
 -0.0975424
 -0.0973795
          0
  -0.013332
