 -0.0222534
 -0.0218677
 -0.0211733
 -0.0203036
 -0.0194175
 -0.0186694
 -0.0181882
 -0.0180683
 -0.0183688
 -0.0191187
 -0.0203228
 -0.0219683
 -0.0240297
 -0.0264726
 -0.0292565
 -0.0323367
 -0.0356652
 -0.0391915
 -0.0428634
 -0.0466269
 -0.0504264
 -0.0542056
 -0.0579069
 -0.0614721
 -0.0648425
 -0.0679588
 -0.0707616
  -0.073191
 -0.0751865
 -0.0766865
 -0.0776273
  -0.077942
 -0.0775582
 -0.0763956
 -0.0743611
 -0.0713434
 -0.0672043
 -0.0617664
  -0.054795
 -0.0459718
 -0.0348538
 -0.0208108
 -0.0029269
  0.0201548
  0.0504697
  0.0910461
   0.146089
   0.219919
   0.311044
   0.398549
   0.445693
   0.440322
   0.403276
   0.359922
   0.320879
   0.287986
   0.260404
   0.236898
   0.216411
   0.198151
   0.181547
    0.16619
   0.151792
   0.138149
   0.125115
    0.11259
   0.100502
  0.0888023
  0.0774556
  0.0664387
  0.0557358
  0.0453363
  0.0352333
  0.0254227
  0.0159024
  0.0066723
-0.00226602
 -0.0109089
 -0.0192506
 -0.0272828
 -0.0349943
 -0.0423709
 -0.0493951
 -0.0560461
 -0.0622997
 -0.0681289
 -0.0735049
 -0.0783979
 -0.0827796
 -0.0866252
 -0.0899174
 -0.0926504
 -0.0948343
 -0.0964998
 -0.0976996
 -0.0985071
 -0.0990091
 -0.0992939
 -0.0994382
 -0.0994964
          0
 -0.0154613
