-0.0203421
-0.0202664
-0.0201701
-0.0201481
-0.0203116
-0.0207656
 -0.021594
-0.0228537
-0.0245746
-0.0267638
-0.0294111
-0.0324932
 -0.035978
 -0.039827
-0.0439975
-0.0484436
-0.0531167
-0.0579664
-0.0629403
-0.0679843
-0.0730428
 -0.078059
-0.0829747
-0.0877308
-0.0922675
-0.0965239
 -0.100439
 -0.103951
 -0.106996
 -0.109511
 -0.111429
  -0.11268
 -0.113187
 -0.112865
 -0.111618
 -0.109328
 -0.105849
 -0.100996
-0.0945226
-0.0860943
-0.0752454
-0.0613114
-0.0433212
 -0.019826
 0.0113703
 0.0535905
  0.111591
  0.190696
  0.290882
  0.391918
  0.454437
  0.462366
  0.434064
  0.395695
  0.359378
  0.327947
  0.301105
  0.277898
  0.257423
  0.238976
  0.222034
  0.206223
  0.191274
  0.176998
   0.16326
  0.149967
  0.137055
  0.124478
  0.112208
  0.100224
  0.088514
 0.0770707
 0.0658899
 0.0549699
 0.0443107
 0.0339142
 0.0237837
 0.0139241
0.00434241
 -0.004952
-0.0139472
-0.0226281
-0.0309765
-0.0389704
-0.0465844
  -0.05379
-0.0605554
-0.0668473
-0.0726317
-0.0778762
-0.0825529
-0.0866416
-0.0901342
 -0.093038
-0.0953784
-0.0971984
-0.0985539
 -0.099505
 -0.100106
 -0.100396
         0
-0.0171963
