 -0.0278035
 -0.0268471
 -0.0250468
 -0.0225998
  -0.019744
 -0.0167156
 -0.0137191
 -0.0109129
-0.00840752
-0.00627123
-0.00453806
-0.00321636
-0.00229584
-0.00175314
-0.00155573
-0.00166479
-0.00203709
-0.00262624
-0.00338363
-0.00425893
-0.00520066
-0.00615642
-0.00707331
-0.00789808
-0.00857745
-0.00905822
-0.00928736
-0.00921199
-0.00877912
-0.00793526
-0.00662553
 -0.0047925
-0.00237429
0.000698073
 0.00450446
 0.00914099
  0.0147276
  0.0214189
  0.0294198
  0.0390081
  0.0505689
  0.0646459
  0.0820192
   0.103823
   0.131712
   0.168029
   0.215727
   0.276924
   0.347057
   0.404216
   0.417966
   0.384677
    0.32999
   0.277067
   0.233141
   0.197911
   0.169419
   0.145855
   0.125864
   0.108487
   0.093054
  0.0790992
   0.066295
  0.0544101
  0.0432803
  0.0327885
  0.0228508
  0.0134065
 0.00441169
 -0.0041658
   -0.01235
  -0.020159
 -0.0276066
 -0.0347035
 -0.0414578
 -0.0478752
 -0.0539595
  -0.059712
 -0.0651316
 -0.0702147
 -0.0749546
 -0.0793417
 -0.0833634
  -0.087004
 -0.0902454
 -0.0930679
  -0.095451
 -0.0973755
 -0.0988261
 -0.0997946
  -0.100284
  -0.100315
 -0.0999284
 -0.0991936
 -0.0982074
 -0.0970916
 -0.0959826
 -0.0950146
 -0.0943019
 -0.0939251
          0
 -0.0108697
