 -0.0189104
 -0.0191549
 -0.0196743
 -0.0205201
 -0.0217501
 -0.0234149
 -0.0255494
 -0.0281702
 -0.0312767
  -0.034854
  -0.038877
 -0.0433131
 -0.0481248
  -0.053271
  -0.058708
 -0.0643902
   -0.07027
 -0.0762981
 -0.0824233
 -0.0885928
 -0.0947521
  -0.100845
  -0.106814
    -0.1126
  -0.118143
  -0.123382
  -0.128255
    -0.1327
  -0.136651
  -0.140043
  -0.142807
  -0.144872
  -0.146157
  -0.146576
  -0.146026
  -0.144387
  -0.141509
  -0.137198
  -0.131199
  -0.123167
  -0.112618
 -0.0988603
 -0.0808784
 -0.0571488
 -0.0253414
  0.0181168
  0.0784625
   0.161919
   0.269838
   0.382778
   0.459216
   0.479532
   0.459631
   0.426224
   0.392745
   0.362937
    0.33701
   0.314283
   0.294003
   0.275551
   0.258456
   0.242376
   0.227065
   0.212348
   0.198101
   0.184238
     0.1707
   0.157449
   0.144459
   0.131714
   0.119204
   0.106924
  0.0948734
  0.0830511
  0.0714592
  0.0601007
  0.0489799
  0.0381024
  0.0274755
  0.0171088
 0.00701396
-0.00279416
 -0.0122976
 -0.0214749
 -0.0303009
 -0.0387463
 -0.0467788
 -0.0543625
 -0.0614596
 -0.0680312
 -0.0740398
 -0.0794512
 -0.0842381
 -0.0883832
 -0.0918814
  -0.094741
 -0.0969816
 -0.0986294
 -0.0997106
  -0.100246
          0
 -0.0184894
