 -0.0316087
 -0.0303956
 -0.0280967
 -0.0249353
 -0.0211816
  -0.017105
 -0.0129406
-0.00887297
-0.00503374
-0.00150774
 0.00165808
 0.00444544
 0.00685688
 0.00890966
  0.0106313
  0.0120562
   0.013224
  0.0141775
  0.0149619
  0.0156241
  0.0162121
  0.0167749
  0.0173615
  0.0180213
  0.0188036
  0.0197572
  0.0209308
  0.0223724
  0.0241301
  0.0262523
  0.0287882
  0.0317896
  0.0353119
  0.0394171
  0.0441775
  0.0496802
  0.0560345
  0.0633817
  0.0719095
  0.0818727
  0.0936233
   0.107656
   0.124676
   0.145694
   0.172155
   0.206035
   0.249623
   0.303893
   0.362747
   0.403941
   0.400507
   0.353207
   0.289939
   0.232555
   0.186501
   0.150382
   0.121685
   0.098319
  0.0787858
  0.0620482
  0.0473931
  0.0343268
  0.0225041
  0.0116817
 0.00168618
-0.00760697
  -0.016288
  -0.024423
 -0.0320611
 -0.0392392
 -0.0459859
 -0.0523235
 -0.0582699
 -0.0638398
 -0.0690451
  -0.073895
  -0.078397
 -0.0825558
 -0.0863737
 -0.0898505
  -0.092983
 -0.0957652
 -0.0981879
   -0.10024
  -0.101906
  -0.103173
  -0.104023
  -0.104445
  -0.104429
  -0.103974
  -0.103092
  -0.101814
  -0.100193
 -0.0983127
 -0.0962868
 -0.0942566
 -0.0923794
  -0.090811
 -0.0896853
 -0.0890979
          0
-0.00814566
