  -0.017942
 -0.0191028
 -0.0213709
 -0.0246507
 -0.0288232
  -0.033763
 -0.0393522
 -0.0454868
 -0.0520789
 -0.0590557
 -0.0663565
 -0.0739306
 -0.0817334
  -0.089725
 -0.0978673
  -0.106123
  -0.114455
  -0.122823
  -0.131187
  -0.139503
  -0.147726
  -0.155808
  -0.163698
  -0.171344
  -0.178691
  -0.185682
  -0.192259
  -0.198362
  -0.203928
  -0.208893
  -0.213189
  -0.216742
  -0.219473
  -0.221292
  -0.222095
  -0.221758
  -0.220126
     -0.217
  -0.212117
  -0.205118
    -0.1955
  -0.182538
  -0.165156
  -0.141723
  -0.109693
  -0.065064
-0.00170153
  0.0884413
   0.209854
   0.345734
   0.451291
   0.499511
   0.499955
   0.479503
   0.454079
   0.429381
   0.406785
   0.386267
   0.367454
   0.349948
    0.33342
   0.317614
   0.302344
   0.287475
    0.27291
   0.258586
    0.24446
   0.230502
   0.216697
   0.203036
   0.189515
   0.176133
   0.162892
   0.149792
   0.136837
    0.12403
   0.111373
  0.0988711
  0.0865269
  0.0743458
   0.062334
  0.0504998
  0.0388536
  0.0274088
  0.0161821
 0.00519451
 -0.0055282
 -0.0159547
  -0.026047
 -0.0357594
 -0.0450375
 -0.0538163
 -0.0620196
 -0.0695584
 -0.0763318
 -0.0822287
  -0.087133
 -0.0909317
 -0.0935262
 -0.0948431
          0
 -0.0194795
