 -0.0175869
 -0.0184634
 -0.0201912
 -0.0227242
 -0.0260023
  -0.029958
  -0.034523
 -0.0396316
 -0.0452226
 -0.0512406
 -0.0576347
 -0.0643584
 -0.0713679
 -0.0786215
 -0.0860782
 -0.0936967
  -0.101435
  -0.109251
  -0.117097
  -0.124928
  -0.132694
  -0.140343
  -0.147822
  -0.155075
  -0.162045
  -0.168673
  -0.174898
  -0.180659
  -0.185891
  -0.190529
  -0.194503
  -0.197739
  -0.200157
  -0.201666
  -0.202163
  -0.201522
  -0.199588
  -0.196162
  -0.190981
  -0.183686
  -0.173775
  -0.160526
  -0.142872
  -0.119197
 -0.0869963
 -0.0423529
  0.0206667
   0.109666
   0.228297
   0.358882
   0.457174
      0.498
   0.492764
   0.468518
    0.44062
   0.414271
   0.390533
   0.369197
   0.349782
   0.331827
   0.314959
   0.298897
   0.283436
    0.26843
   0.253774
   0.239398
   0.225255
   0.211312
   0.197552
   0.183963
   0.170542
   0.157285
   0.144195
   0.131273
   0.118521
   0.105944
  0.0935464
  0.0813318
  0.0693064
  0.0574775
  0.0458539
  0.0344468
  0.0232701
  0.0123409
 0.00167999
-0.00868773
 -0.0187326
 -0.0284202
 -0.0377103
 -0.0465574
   -0.05491
 -0.0627111
 -0.0698982
 -0.0764044
 -0.0821598
 -0.0870938
 -0.0911385
 -0.0942326
 -0.0963256
 -0.0973813
          0
 -0.0196388
