 -0.0414114
 -0.0397513
 -0.0365826
 -0.0321708
 -0.0268373
 -0.0209037
 -0.0146526
-0.00830867
-0.00203674
   0.004052
  0.0098894
    0.01544
   0.020692
  0.0256506
  0.0303324
  0.0347622
  0.0389702
  0.0429903
   0.046859
  0.0506143
  0.0542953
  0.0579417
  0.0615932
  0.0652897
  0.0690702
  0.0729735
  0.0770374
  0.0812993
  0.0857959
  0.0905637
  0.0956398
   0.101063
   0.106875
   0.113123
   0.119863
   0.127162
   0.135109
   0.143815
   0.153435
   0.164174
   0.176319
   0.190263
   0.206559
    0.22597
   0.249525
   0.278467
   0.313775
   0.354186
    0.39066
   0.400465
   0.363591
   0.289356
   0.209855
   0.144236
  0.0944199
  0.0568939
  0.0280757
 0.00534816
 -0.0130579
 -0.0283236
 -0.0412442
  -0.052363
 -0.0620574
 -0.0705935
 -0.0781622
 -0.0849021
  -0.090916
 -0.0962812
  -0.101058
  -0.105292
  -0.109023
  -0.112281
  -0.115095
  -0.117488
  -0.119479
  -0.121088
   -0.12233
  -0.123218
  -0.123762
  -0.123972
  -0.123851
  -0.123403
  -0.122627
  -0.121521
  -0.120079
  -0.118297
  -0.116169
  -0.113691
  -0.110866
  -0.107705
  -0.104233
  -0.100493
 -0.0965561
 -0.0925258
 -0.0885411
 -0.0847752
 -0.0814253
 -0.0786926
 -0.0767572
 -0.0757537
          0
-0.00222308
