 -0.0632309
 -0.0616953
 -0.0587385
 -0.0545648
 -0.0494286
 -0.0435936
 -0.0373016
 -0.0307552
 -0.0241114
 -0.0174842
 -0.0109506
-0.00455829
  0.0016678
  0.0077196
  0.0136015
  0.0193269
   0.024916
  0.0303941
    0.03579
  0.0411354
   0.046464
   0.051811
  0.0572125
  0.0627053
  0.0683262
  0.0741118
  0.0800986
  0.0863229
  0.0928206
  0.0996279
   0.106782
   0.114323
   0.122294
   0.130746
   0.139738
   0.149348
   0.159672
   0.170841
   0.183031
   0.196481
   0.211524
    0.22862
   0.248415
     0.2718
    0.29997
   0.334359
   0.376057
   0.423437
   0.465606
   0.475553
   0.429939
    0.34034
   0.245145
   0.166954
   0.107853
   0.063549
  0.0297234
 0.00323555
 -0.0180342
 -0.0354998
 -0.0501138
 -0.0625276
  -0.073195
 -0.0824373
 -0.0904861
 -0.0975114
   -0.10364
   -0.10897
  -0.113578
  -0.117525
  -0.120862
  -0.123635
  -0.125882
  -0.127638
  -0.128934
  -0.129801
  -0.130264
  -0.130348
  -0.130074
  -0.129459
   -0.12852
  -0.127268
   -0.12571
  -0.123853
  -0.121699
  -0.119246
  -0.116496
  -0.113447
  -0.110103
  -0.106476
  -0.102587
 -0.0984767
 -0.0942087
 -0.0898775
 -0.0856134
 -0.0815836
 -0.0779861
 -0.0750338
  -0.072929
 -0.0718321
          0
-0.00478079
