  -0.134294
  -0.133127
  -0.130862
  -0.127624
  -0.123563
   -0.11883
  -0.113559
  -0.107857
  -0.101805
 -0.0954592
 -0.0888595
  -0.082031
 -0.0749898
 -0.0677453
 -0.0603027
  -0.052664
 -0.0448293
 -0.0367968
 -0.0285637
  -0.020126
 -0.0114791
-0.00261769
 0.00646412
  0.0157724
  0.0253134
  0.0350936
  0.0451193
   0.055397
  0.0659338
  0.0767372
  0.0878168
  0.0991846
   0.110857
   0.122858
   0.135219
    0.14799
   0.161238
   0.175062
     0.1896
   0.205048
   0.221684
   0.239896
   0.260228
   0.283422
   0.310447
    0.34238
   0.379755
   0.420185
    0.45223
   0.450125
    0.39445
   0.299515
   0.203464
   0.126799
  0.0701863
  0.0287474
 -0.0020263
 -0.0253248
 -0.0432719
 -0.0572752
  -0.068281
 -0.0769391
 -0.0837052
  -0.088907
 -0.0927854
 -0.0955229
 -0.0972613
 -0.0981145
 -0.0981776
 -0.0975319
   -0.09625
 -0.0943984
 -0.0920389
 -0.0892308
 -0.0860304
 -0.0824925
 -0.0786696
  -0.074612
 -0.0703676
 -0.0659812
 -0.0614944
 -0.0569447
 -0.0523655
 -0.0477854
 -0.0432282
  -0.038713
 -0.0342543
 -0.0298626
 -0.0255461
  -0.021312
 -0.0171698
 -0.0131345
-0.00923193
-0.00550309
-0.00200954
 0.00116443
 0.00391366
  0.0061206
 0.00767065
 0.00847151
          0
 -0.0176455
