 -0.0448711
 -0.0465443
 -0.0497663
 -0.0543181
 -0.0599323
 -0.0663383
 -0.0732952
  -0.080607
  -0.088125
 -0.0957425
  -0.103385
  -0.111004
  -0.118565
  -0.126046
  -0.133429
  -0.140699
  -0.147844
  -0.154847
  -0.161691
  -0.168356
  -0.174818
  -0.181052
  -0.187027
  -0.192712
  -0.198071
  -0.203066
  -0.207658
  -0.211802
  -0.215455
  -0.218567
  -0.221086
  -0.222956
  -0.224111
   -0.22448
  -0.223974
  -0.222488
  -0.219888
     -0.216
   -0.21059
  -0.203338
  -0.193791
  -0.181296
  -0.164876
  -0.143047
  -0.113483
 -0.0725102
 -0.0144589
  0.0682084
   0.180026
    0.30626
   0.406047
   0.453937
   0.457641
   0.441468
   0.420168
   0.399183
   0.379928
   0.362479
   0.346554
   0.331825
    0.31801
    0.30489
     0.2923
   0.280118
   0.268259
   0.256659
   0.245277
   0.234083
   0.223056
    0.21218
   0.201446
   0.190844
   0.180367
   0.170005
   0.159752
   0.149597
   0.139531
   0.129543
   0.119621
   0.109754
  0.0999274
  0.0901304
  0.0803506
  0.0705767
  0.0607991
  0.0510104
  0.0412066
  0.0313889
   0.021566
  0.0117576
 0.00199914
-0.00765198
  -0.017108
 -0.0262415
  -0.034876
 -0.0427808
 -0.0496738
 -0.0552398
  -0.059168
 -0.0612043
          0
 -0.0155212
