 -0.0472615
  -0.045419
 -0.0418938
 -0.0369661
 -0.0309754
  -0.024261
 -0.0171222
-0.00979779
-0.00246448
 0.00475662
   0.011789
  0.0185899
  0.0251412
  0.0314422
  0.0375041
  0.0433463
  0.0489942
  0.0544765
  0.0598247
  0.0650719
  0.0702519
  0.0753994
  0.0805489
  0.0857346
  0.0909904
  0.0963492
   0.101843
   0.107505
   0.113363
    0.11945
   0.125795
   0.132432
   0.139394
   0.146722
   0.154463
   0.162676
   0.171437
   0.180847
   0.191041
   0.202203
   0.214587
   0.228542
   0.244547
   0.263252
   0.285489
    0.31216
   0.343636
   0.377611
   0.403674
   0.398867
   0.346422
   0.259644
   0.172591
    0.10315
  0.0516026
  0.0134491
 -0.0153909
  -0.037781
 -0.0556163
 -0.0701455
 -0.0822022
 -0.0923533
  -0.100992
  -0.108394
   -0.11476
  -0.120236
  -0.124929
  -0.128924
  -0.132286
  -0.135066
  -0.137309
   -0.13905
  -0.140322
  -0.141154
  -0.141569
  -0.141592
  -0.141242
  -0.140538
  -0.139494
  -0.138124
  -0.136437
   -0.13444
  -0.132138
  -0.129533
  -0.126625
  -0.123412
  -0.119894
  -0.116073
  -0.111954
  -0.107553
  -0.102898
 -0.0980375
 -0.0930478
 -0.0880377
 -0.0831555
 -0.0785876
 -0.0745496
 -0.0712662
 -0.0689437
 -0.0677398
          0
0.000819862
