   0.0408007
   0.0412888
   0.0422075
   0.0434522
   0.0448895
    0.046376
   0.0477758
   0.0489712
    0.049868
   0.0503969
   0.0505112
   0.0501845
   0.0494072
   0.0481838
   0.0465304
   0.0444728
   0.0420451
   0.0392879
    0.036248
   0.0329769
   0.0295303
   0.0259672
   0.0223496
   0.0187412
   0.0152077
   0.0118157
  0.00863245
  0.00572595
  0.00316467
  0.00101795
-0.000643343
 -0.00174571
 -0.00221122
  -0.0019549
-0.000880915
  0.00112286
  0.00419256
  0.00849945
    0.014266
   0.0217897
   0.0314785
   0.0439052
   0.0598906
   0.0806315
    0.107885
    0.144182
    0.192829
    0.256597
    0.331917
    0.397436
    0.421104
     0.39666
    0.347844
    0.298138
    0.255705
    0.220904
    0.192153
    0.167847
    0.146746
    0.127964
    0.110878
   0.0950536
   0.0801891
   0.0660742
   0.0525631
   0.0395556
   0.0269838
   0.0148029
  0.00298447
 -0.00848835
  -0.0196242
   -0.030426
  -0.0408926
  -0.0510199
  -0.0608019
  -0.0702309
  -0.0792977
  -0.0879923
  -0.0963031
   -0.104218
   -0.111722
   -0.118802
   -0.125441
   -0.131621
   -0.137325
   -0.142535
   -0.147232
   -0.151401
   -0.155027
     -0.1581
   -0.160619
   -0.162591
   -0.164037
   -0.164995
   -0.165526
   -0.165711
   -0.165651
   -0.165463
   -0.165259
   -0.165131
           0
   0.0202113
