  0.0225949
  0.0236211
  0.0255808
  0.0283071
  0.0315874
  0.0351961
  0.0389208
  0.0425788
  0.0460251
  0.0491526
  0.0518886
  0.0541893
  0.0560346
  0.0574231
  0.0583682
  0.0588947
  0.0590368
  0.0588358
   0.058339
  0.0575981
   0.056669
    0.05561
  0.0544819
   0.053347
  0.0522684
    0.05131
  0.0505357
  0.0500095
  0.0497955
  0.0499583
  0.0505633
  0.0516784
  0.0533754
  0.0557328
  0.0588397
  0.0628007
  0.0677439
  0.0738314
  0.0812744
  0.0903559
   0.101463
   0.115136
    0.13214
   0.153574
   0.181004
   0.216581
   0.262822
   0.320893
   0.384479
   0.429923
   0.428081
   0.379212
   0.312656
   0.251761
   0.202509
   0.163539
   0.132245
   0.106442
   0.084555
  0.0654979
  0.0485238
  0.0331177
  0.0189228
 0.00568964
-0.00675619
  -0.018537
 -0.0297385
 -0.0404201
 -0.0506229
  -0.060375
  -0.069695
  -0.078595
 -0.0870823
 -0.0951605
  -0.102831
  -0.110092
  -0.116941
  -0.123373
  -0.129382
  -0.134959
  -0.140093
  -0.144774
  -0.148987
  -0.152718
   -0.15595
  -0.158668
  -0.160857
  -0.162503
  -0.163599
  -0.164144
  -0.164149
   -0.16364
  -0.162666
  -0.161302
  -0.159656
  -0.157866
  -0.156105
  -0.154557
  -0.153401
  -0.152783
          0
  0.0143822
