  -0.0305994
  -0.0291455
  -0.0263511
  -0.0224192
   -0.017605
  -0.0121762
 -0.00638136
-0.000431097
  0.00550893
   0.0113171
   0.0169106
   0.0222381
   0.0272732
   0.0320087
   0.0364516
     0.04062
     0.04454
   0.0482441
   0.0517693
   0.0551566
   0.0584494
   0.0616932
   0.0649351
   0.0682227
   0.0716042
   0.0751278
   0.0788416
   0.0827932
   0.0870301
      0.0916
   0.0965518
    0.101936
    0.107808
    0.114229
    0.121271
     0.12902
    0.137589
    0.147119
      0.1578
    0.169891
    0.183746
    0.199857
    0.218914
    0.241885
     0.27009
    0.305196
    0.348724
     0.39984
    0.448821
    0.469232
    0.435685
    0.356613
    0.268317
    0.193939
    0.136732
   0.0931937
   0.0594432
    0.032573
   0.0105929
 -0.00783537
  -0.0236169
  -0.0373715
  -0.0495298
  -0.0603951
   -0.070184
  -0.0790532
  -0.0871178
  -0.0944633
   -0.101155
   -0.107243
   -0.112768
   -0.117763
   -0.122256
    -0.12627
   -0.129825
    -0.13294
   -0.135629
   -0.137907
   -0.139783
   -0.141264
   -0.142357
   -0.143063
   -0.143382
   -0.143311
   -0.142845
   -0.141977
   -0.140703
   -0.139018
   -0.136923
   -0.134429
   -0.131557
   -0.128348
   -0.124868
   -0.121215
   -0.117521
   -0.113958
   -0.110726
   -0.108044
   -0.106116
   -0.105107
           0
  0.00185646
