   0.0297423
   0.0293245
   0.0285049
   0.0273117
   0.0257784
   0.0239375
   0.0218151
   0.0194295
   0.0167909
   0.0139044
   0.0107718
  0.00739509
  0.00377789
-7.25236e-05
 -0.00414428
 -0.00842029
  -0.0128779
  -0.0174891
  -0.0222202
  -0.0270329
  -0.0318839
  -0.0367262
  -0.0415089
  -0.0461781
  -0.0506775
  -0.0549487
  -0.0589315
   -0.062564
  -0.0657831
  -0.0685236
  -0.0707179
  -0.0722946
  -0.0731769
  -0.0732797
  -0.0725055
  -0.0707389
   -0.067838
  -0.0636227
  -0.0578566
  -0.0502212
  -0.0402754
  -0.0273941
  -0.0106695
   0.0112428
   0.0403629
   0.0797084
    0.133503
    0.206201
    0.296733
    0.384975
    0.434591
    0.432759
    0.398999
    0.358081
    0.320683
    0.288841
    0.261886
    0.238693
    0.218283
    0.199913
    0.183046
    0.167299
    0.152402
    0.138165
    0.124456
    0.111182
   0.0982815
   0.0857129
    0.073449
    0.061473
   0.0497753
   0.0383507
   0.0271975
   0.0163157
  0.00570648
 -0.00462806
  -0.0146854
  -0.0244627
  -0.0339566
  -0.0431634
  -0.0520788
  -0.0606979
  -0.0690152
  -0.0770241
  -0.0847176
  -0.0920875
  -0.0991251
   -0.105821
   -0.112164
   -0.118143
   -0.123744
   -0.128952
   -0.133747
   -0.138103
   -0.141988
   -0.145357
    -0.14816
   -0.150338
   -0.151831
   -0.152591
           0
   0.0206148
