  0.0362961
  0.0361055
  0.0357206
  0.0351333
  0.0343322
   0.033302
  0.0320254
  0.0304843
  0.0286612
  0.0265417
  0.0241153
  0.0213767
   0.018327
  0.0149732
  0.0113291
 0.00741484
 0.00325696
-0.00111222
-0.00565486
 -0.0103281
 -0.0150845
 -0.0198727
 -0.0246382
 -0.0293234
 -0.0338685
 -0.0382118
 -0.0422903
 -0.0460397
 -0.0493941
 -0.0522864
 -0.0546471
 -0.0564033
  -0.057477
 -0.0577821
 -0.0572208
 -0.0556777
  -0.053012
  -0.049045
  -0.043544
 -0.0361954
 -0.0265668
 -0.0140465
 0.00225111
  0.0236341
  0.0520602
  0.0904368
   0.142792
    0.21325
   0.300313
   0.383815
    0.42847
     0.4227
   0.386579
   0.344434
    0.30641
   0.274236
   0.247088
   0.223771
   0.203267
   0.184818
   0.167876
   0.152054
   0.137079
   0.122762
   0.108969
  0.0956092
  0.0826216
  0.0699656
  0.0576155
  0.0455564
  0.0337804
  0.0222847
  0.0110697
0.000138001
 -0.0105063
 -0.0208583
 -0.0309121
 -0.0406617
    -0.0501
 -0.0592197
 -0.0680126
 -0.0764698
 -0.0845817
 -0.0923375
  -0.099726
  -0.106735
  -0.113353
  -0.119565
  -0.125361
  -0.130727
  -0.135652
  -0.140125
  -0.144136
  -0.147677
  -0.150738
  -0.153311
  -0.155388
  -0.156957
   -0.15801
  -0.158539
          0
  0.0212942
