 -0.0710398
 -0.0721388
 -0.0742477
 -0.0772058
 -0.0808106
 -0.0848485
 -0.0891214
 -0.0934619
 -0.0977394
  -0.101859
  -0.105758
  -0.109395
  -0.112747
  -0.115805
  -0.118565
  -0.121026
  -0.123189
  -0.125055
   -0.12662
  -0.127881
  -0.128828
   -0.12945
  -0.129731
  -0.129655
  -0.129198
  -0.128339
  -0.127048
  -0.125299
  -0.123058
  -0.120292
   -0.11696
  -0.113018
  -0.108416
  -0.103092
 -0.0969682
 -0.0899481
 -0.0819046
 -0.0726677
 -0.0620059
  -0.049598
 -0.0349907
 -0.0175328
 0.00372745
   0.030203
  0.0640115
    0.10829
    0.16735
   0.245475
   0.340559
   0.429996
   0.475429
   0.465328
   0.423058
   0.375618
   0.333887
   0.299477
   0.271294
     0.2479
   0.228098
   0.210996
   0.195948
   0.182493
   0.170299
   0.159126
   0.148797
   0.139184
   0.130187
   0.121731
   0.113756
   0.106211
  0.0990517
  0.0922395
  0.0857369
  0.0795075
  0.0735154
  0.0677243
  0.0620978
  0.0565992
  0.0511917
  0.0458386
  0.0405037
  0.0351518
  0.0297493
  0.0242645
  0.0186684
  0.0129358
 0.00704669
0.000987438
-0.00524629
 -0.0116464
 -0.0181879
 -0.0248231
 -0.0314749
 -0.0380291
 -0.0443285
 -0.0501705
 -0.0553129
 -0.0594915
 -0.0624518
 -0.0639893
          0
 0.00503379
