 -0.0362222
 -0.0373113
 -0.0394076
 -0.0423634
 -0.0459933
 -0.0501031
 -0.0545141
 -0.0590771
 -0.0636778
 -0.0682347
  -0.072694
 -0.0770227
 -0.0812023
  -0.085223
 -0.0890799
 -0.0927695
 -0.0962872
 -0.0996264
  -0.102777
  -0.105725
  -0.108452
  -0.110937
  -0.113153
  -0.115073
  -0.116662
  -0.117887
  -0.118709
  -0.119088
  -0.118982
  -0.118345
  -0.117127
  -0.115273
  -0.112723
  -0.109405
  -0.105233
    -0.1001
 -0.0938719
 -0.0863688
 -0.0773513
 -0.0664892
 -0.0533193
  -0.037178
 -0.0170958
 0.00837015
   0.041393
  0.0852228
   0.144409
   0.223737
   0.322001
   0.417426
   0.470845
   0.468622
   0.432143
   0.388294
   0.348607
   0.315247
   0.287461
   0.264008
   0.243813
   0.226054
   0.210135
   0.195629
   0.182226
   0.169708
   0.157913
   0.146727
   0.136063
   0.125859
   0.116065
   0.106643
  0.0975618
  0.0887926
  0.0803103
  0.0720908
  0.0641104
  0.0563452
  0.0487713
  0.0413646
  0.0341006
  0.0269551
   0.019904
  0.0129241
 0.00599279
-0.00091084
-0.00780595
 -0.0147091
 -0.0216334
  -0.028587
 -0.0355714
 -0.0425786
 -0.0495872
 -0.0565571
 -0.0634234
  -0.070089
  -0.076418
  -0.082232
 -0.0873143
 -0.0914245
 -0.0943278
 -0.0958333
          0
  0.0110401
