  -0.104323
  -0.105334
  -0.107266
  -0.109954
  -0.113192
  -0.116764
  -0.120466
  -0.124129
  -0.127618
  -0.130836
  -0.133718
  -0.136221
  -0.138325
  -0.140019
  -0.141303
  -0.142179
  -0.142654
  -0.142734
  -0.142423
  -0.141725
   -0.14064
  -0.139166
  -0.137297
  -0.135027
  -0.132344
  -0.129236
  -0.125687
   -0.12168
  -0.117193
  -0.112204
  -0.106685
  -0.100602
 -0.0939156
 -0.0865753
 -0.0785158
 -0.0696516
 -0.0598677
 -0.0490075
 -0.0368546
 -0.0231056
-0.00733034
  0.0110907
  0.0330618
  0.0599204
  0.0936547
   0.137169
   0.194337
    0.26865
   0.356839
   0.435753
   0.469122
   0.448557
   0.399474
   0.348299
   0.304736
   0.269609
    0.24139
   0.218409
   0.199344
   0.183227
   0.169367
   0.157271
   0.146585
   0.137051
   0.128479
   0.120724
   0.113678
   0.107253
   0.101376
  0.0959874
  0.0910308
  0.0864559
  0.0822138
  0.0782569
  0.0745376
  0.0710082
  0.0676208
  0.0643271
   0.061079
  0.0578287
  0.0545294
  0.0511353
  0.0476031
   0.043892
  0.0399646
  0.0357888
  0.0313382
   0.026595
  0.0215519
  0.0162165
  0.0106149
 0.00479865
-0.00114933
 -0.0071073
 -0.0129095
 -0.0183449
 -0.0231648
 -0.0271013
 -0.0298991
 -0.0313546
          0
-0.00160772
