 -0.0881346
 -0.0891999
   -0.09124
 -0.0940916
  -0.097549
  -0.101395
  -0.105428
  -0.109478
   -0.11341
  -0.117128
  -0.120566
  -0.123682
  -0.126453
   -0.12887
  -0.130928
  -0.132631
   -0.13398
   -0.13498
  -0.135632
  -0.135935
  -0.135884
  -0.135474
  -0.134694
  -0.133531
   -0.13197
  -0.129992
  -0.127577
    -0.1247
  -0.121336
  -0.117455
  -0.113024
  -0.108005
  -0.102351
 -0.0960062
 -0.0888995
 -0.0809392
 -0.0720039
 -0.0619298
 -0.0504921
 -0.0373776
 -0.0221429
-0.00415038
  0.0175316
  0.0442836
  0.0781673
   0.122218
    0.18055
   0.257082
   0.349152
   0.433838
   0.473675
   0.458592
    0.41299
   0.363667
   0.320974
   0.286153
   0.257901
   0.234668
   0.215192
   0.198544
   0.184056
   0.171249
   0.159778
   0.149396
   0.139919
   0.131209
   0.123163
   0.115699
    0.10875
    0.10226
  0.0961799
  0.0904644
  0.0850702
  0.0799551
  0.0750773
  0.0703946
  0.0658646
  0.0614446
  0.0570918
   0.052764
  0.0484192
  0.0440169
  0.0395183
  0.0348867
  0.0300891
  0.0250965
  0.0198854
  0.0144402
 0.00875503
  0.0028379
-0.00328519
-0.00956418
 -0.0159181
 -0.0222278
 -0.0283303
 -0.0340168
 -0.0390398
 -0.0431312
  -0.046034
 -0.0475429
          0
 0.00175715
