  -0.164432
  -0.164561
  -0.164768
   -0.16496
  -0.165023
  -0.164844
   -0.16432
  -0.163368
  -0.161929
  -0.159964
  -0.157452
  -0.154386
  -0.150768
  -0.146607
  -0.141917
  -0.136714
  -0.131017
  -0.124844
  -0.118212
  -0.111139
  -0.103641
 -0.0957323
 -0.0874275
 -0.0787389
 -0.0696776
 -0.0602541
 -0.0504773
 -0.0403548
 -0.0298929
 -0.0190955
-0.00796375
 0.00350516
  0.0153199
  0.0274974
  0.0400659
  0.0530704
  0.0665787
  0.0806908
  0.0955526
   0.111374
   0.128458
   0.147237
   0.168333
   0.192633
   0.221376
   0.256162
   0.298569
   0.348229
    0.39696
   0.421266
   0.397433
    0.33176
    0.25633
   0.192494
   0.143804
   0.107478
  0.0802053
  0.0594501
  0.0434534
  0.0310174
  0.0213206
  0.0137897
 0.00801641
 0.00370319
0.000627388
-0.00138237
-0.00246228
-0.00272452
-0.00226497
-0.00116862
 0.00048657
 0.00262708
 0.00518203
 0.00808207
  0.0112587
   0.014644
  0.0181706
  0.0217719
  0.0253824
  0.0289381
  0.0323772
  0.0356407
  0.0386729
  0.0414222
   0.043842
  0.0458916
  0.0475369
  0.0487523
  0.0495216
  0.0498404
  0.0497184
   0.049182
  0.0482781
  0.0470761
  0.0456703
  0.0441785
  0.0427369
  0.0414887
  0.0405677
  0.0400785
          0
 -0.0199771
