  -0.143258
  -0.144002
  -0.145404
   -0.14731
   -0.14953
  -0.151864
  -0.154128
  -0.156169
  -0.157869
  -0.159145
  -0.159941
  -0.160226
  -0.159984
  -0.159213
  -0.157919
  -0.156111
  -0.153804
   -0.15101
  -0.147744
  -0.144019
  -0.139845
  -0.135232
  -0.130186
  -0.124714
  -0.118818
    -0.1125
  -0.105759
  -0.098592
  -0.090994
 -0.0829571
 -0.0744695
 -0.0655147
 -0.0560691
 -0.0460995
 -0.0355592
 -0.0243825
 -0.0124763
0.000290362
   0.014103
  0.0292252
  0.0460341
  0.0650731
  0.0871325
   0.113369
    0.14547
   0.185816
   0.237359
   0.302025
   0.374528
   0.431499
   0.441679
   0.402665
   0.342717
   0.286304
   0.240658
   0.205132
   0.177463
   0.155619
   0.138093
   0.123817
   0.112041
   0.102237
  0.0940236
  0.0871228
  0.0813278
  0.0764802
  0.0724555
  0.0691525
  0.0664857
  0.0643798
  0.0627663
  0.0615808
  0.0607609
  0.0602453
  0.0599729
  0.0598829
  0.0599139
  0.0600051
  0.0600957
  0.0601259
  0.0600373
  0.0597733
  0.0592803
   0.058508
  0.0574107
  0.0559484
  0.0540884
  0.0518072
  0.0490929
   0.045949
  0.0423982
  0.0384881
  0.0342969
  0.0299394
  0.0255707
  0.0213865
   0.017615
  0.0144991
   0.012268
  0.0111023
          0
 -0.0113418
