  -0.119149
  -0.120088
  -0.121876
  -0.124351
  -0.127307
  -0.130531
  -0.133823
  -0.137016
  -0.139978
  -0.142614
  -0.144861
  -0.146679
  -0.148047
  -0.148958
  -0.149412
  -0.149415
  -0.148976
  -0.148103
  -0.146804
  -0.145086
  -0.142954
  -0.140409
  -0.137452
  -0.134078
  -0.130283
  -0.126059
  -0.121396
  -0.116281
    -0.1107
  -0.104634
 -0.0980609
 -0.0909542
 -0.0832791
 -0.0749909
 -0.0660307
 -0.0563193
 -0.0457489
  -0.034171
 -0.0213785
-0.00708021
 0.00913845
  0.0278745
   0.049999
  0.0767962
   0.110166
   0.152855
   0.208461
   0.279992
   0.363533
   0.435793
   0.461969
   0.435534
   0.382885
   0.329916
   0.285586
   0.250256
   0.222161
   0.199514
   0.180928
     0.1654
    0.15222
    0.14088
   0.131016
   0.122364
   0.114726
   0.107953
    0.10193
  0.0965645
  0.0917794
  0.0875082
  0.0836908
  0.0802713
  0.0771959
  0.0744117
  0.0718661
  0.0695062
  0.0672791
  0.0651316
  0.0630106
  0.0608636
  0.0586392
  0.0562874
  0.0537606
  0.0510142
  0.0480077
  0.0447055
  0.0410791
  0.0371083
  0.0327846
  0.0281144
  0.0231236
  0.0178635
  0.0124175
 0.00690742
 0.00149871
-0.00359909
-0.00813992
 -0.0118602
 -0.0145096
 -0.0158895
          0
-0.00497597
