  -0.158474
   -0.15895
  -0.159829
  -0.160979
  -0.162237
  -0.163433
  -0.164417
  -0.165063
  -0.165277
  -0.164994
  -0.164174
  -0.162797
  -0.160855
  -0.158353
    -0.1553
  -0.151713
  -0.147607
  -0.142999
  -0.137908
  -0.132349
  -0.126338
  -0.119889
  -0.113014
  -0.105724
 -0.0980279
  -0.089933
 -0.0814456
 -0.0725698
 -0.0633079
 -0.0536596
 -0.0436215
 -0.0331854
 -0.0223368
 -0.0110522
0.000704202
  0.0129863
  0.0258728
  0.0394776
  0.0539645
  0.0695685
  0.0866265
   0.105624
   0.127263
   0.152561
   0.182971
   0.220475
   0.267321
   0.324275
   0.384609
    0.42497
   0.418006
   0.365711
    0.29819
   0.238268
   0.191302
   0.155573
   0.128294
   0.107188
  0.0906235
  0.0774705
  0.0669448
  0.0584954
  0.0517282
  0.0463552
  0.0421611
  0.0389804
  0.0366818
  0.0351576
  0.0343159
  0.0340755
  0.0343617
  0.0351041
  0.0362347
  0.0376864
   0.039393
  0.0412882
  0.0433061
  0.0453811
  0.0474482
  0.0494437
  0.0513056
  0.0529741
  0.0543928
  0.0555089
  0.0562745
  0.0566477
  0.0565936
  0.0560865
  0.0551118
  0.0536688
  0.0517746
  0.0494681
   0.046815
  0.0439125
  0.0408923
  0.0379198
  0.0351875
   0.032899
  0.0312454
  0.0303772
          0
  -0.016562
