   -0.132228
   -0.133078
   -0.134689
   -0.136903
   -0.139519
   -0.142329
    -0.14514
    -0.14779
   -0.150153
   -0.152138
   -0.153686
   -0.154759
   -0.155341
   -0.155425
   -0.155014
   -0.154116
   -0.152743
   -0.150906
   -0.148615
   -0.145881
   -0.142712
   -0.139114
    -0.13509
   -0.130642
   -0.125768
   -0.120467
   -0.114732
   -0.108557
   -0.101932
  -0.0948435
  -0.0872752
  -0.0792053
  -0.0706049
  -0.0614354
  -0.0516439
  -0.0411579
  -0.0298771
  -0.0176615
 -0.00431459
   0.0104415
   0.0270034
   0.0459425
   0.0680911
   0.0946726
    0.127485
    0.169101
    0.222805
    0.291081
     0.36934
    0.434225
    0.452624
    0.420017
    0.363746
    0.309041
    0.264028
    0.228577
    0.200677
     0.17842
    0.160357
    0.145454
    0.132978
    0.122413
    0.113383
    0.105618
   0.0989162
   0.0931226
   0.0881172
   0.0838028
    0.080098
   0.0769315
   0.0742388
   0.0719594
    0.070035
    0.068408
   0.0670213
   0.0658177
   0.0647397
   0.0637298
   0.0627308
   0.0616862
   0.0605405
   0.0592402
   0.0577342
   0.0559748
   0.0539185
   0.0515273
   0.0487703
   0.0456257
   0.0420831
   0.0381477
   0.0338443
   0.0292229
   0.0243652
   0.0193907
   0.0144615
  0.00978199
  0.00559147
  0.00214528
-0.000314971
 -0.00159815
           0
 -0.00825368
