   -0.164185
    -0.16411
   -0.163924
   -0.163563
   -0.162949
   -0.162002
   -0.160653
   -0.158847
   -0.156546
   -0.153725
   -0.150374
   -0.146492
   -0.142084
   -0.137163
   -0.131742
   -0.125838
   -0.119467
   -0.112648
   -0.105397
  -0.0977288
    -0.08966
  -0.0812039
  -0.0723736
   -0.063181
  -0.0536369
  -0.0437514
  -0.0335333
  -0.0229907
    -0.01213
-0.000955814
   0.0105299
   0.0223288
   0.0344483
   0.0469034
   0.0597204
   0.0729412
   0.0866302
    0.100883
    0.115838
    0.131696
    0.148747
    0.167403
    0.188253
    0.212131
    0.240183
    0.273847
    0.314405
    0.360972
     0.40466
    0.421786
    0.390153
    0.318045
    0.238602
    0.172614
    0.122831
   0.0859745
   0.0584772
   0.0376747
   0.0217409
  0.00944195
-6.45121e-05
 -0.00736394
  -0.0128724
  -0.0168925
  -0.0196506
  -0.0213206
  -0.0220407
  -0.0219245
  -0.0210691
  -0.0195605
  -0.0174773
  -0.0148935
  -0.0118802
 -0.00850697
 -0.00484197
-0.000952794
  0.00309381
  0.00723206
   0.0113975
   0.0155276
   0.0195619
   0.0234431
   0.0271175
   0.0305355
   0.0336525
   0.0364298
    0.038835
   0.0408435
   0.0424394
   0.0436168
   0.0443816
   0.0447534
   0.0447674
   0.0444761
   0.0439504
   0.0432779
   0.0425591
   0.0418988
   0.0413944
   0.0411214
           0
  -0.0208846
