  -0.122939
  -0.121617
  -0.119063
  -0.115427
  -0.110897
  -0.105662
 -0.0998885
 -0.0937118
 -0.0872337
 -0.0805263
 -0.0736377
 -0.0665981
 -0.0594253
 -0.0521278
 -0.0447082
 -0.0371649
 -0.0294932
 -0.0216863
  -0.013736
-0.00563268
 0.00263418
  0.0110757
  0.0197036
  0.0285297
  0.0375661
  0.0468245
  0.0563171
  0.0660555
  0.0760519
   0.086319
  0.0968711
   0.107725
   0.118902
   0.130429
   0.142345
   0.154702
   0.167574
   0.181062
   0.195313
   0.210529
   0.226996
   0.245113
   0.265437
   0.288728
   0.315978
   0.348293
   0.386231
   0.427385
   0.460136
   0.458248
   0.401859
   0.305429
   0.207722
   0.129619
  0.0718338
  0.0294206
 -0.0021976
 -0.0262611
 -0.0449269
 -0.0596243
 -0.0713135
 -0.0806526
 -0.0881027
  -0.093994
 -0.0985687
  -0.102009
  -0.104455
  -0.106021
  -0.106797
  -0.106863
  -0.106289
  -0.105137
  -0.103466
  -0.101331
 -0.0987846
 -0.0958765
  -0.092655
 -0.0891657
 -0.0854515
 -0.0815523
 -0.0775045
 -0.0733406
 -0.0690887
 -0.0647724
 -0.0604108
 -0.0560186
 -0.0516065
 -0.0471823
 -0.0427528
 -0.0383257
 -0.0339136
 -0.0295381
 -0.0252355
 -0.0210627
 -0.0171025
  -0.013466
 -0.0102896
 -0.0077236
-0.00591362
 -0.0049761
          0
 -0.0157406
