 -0.0264362
 -0.0277624
 -0.0303409
 -0.0340412
 -0.0387034
 -0.0441633
  -0.050271
 -0.0568992
 -0.0639451
 -0.0713276
 -0.0789831
  -0.086861
 -0.0949193
  -0.103122
  -0.111435
  -0.119825
  -0.128261
  -0.136708
  -0.145128
  -0.153484
  -0.161732
  -0.169829
  -0.177727
  -0.185377
  -0.192727
  -0.199723
  -0.206309
  -0.212426
  -0.218015
  -0.223013
  -0.227352
  -0.230961
  -0.233763
  -0.235669
  -0.236577
  -0.236364
  -0.234878
  -0.231922
  -0.227237
  -0.220468
  -0.211117
  -0.198465
  -0.181446
  -0.158431
   -0.12688
 -0.0827652
 -0.0198696
  0.0701123
   0.192291
    0.33078
   0.440907
   0.494512
    0.49955
   0.482435
   0.459348
   0.436323
    0.41497
   0.395416
   0.377378
   0.360519
   0.344545
   0.329228
   0.314395
   0.299923
   0.285727
   0.271745
    0.25794
   0.244287
   0.230772
   0.217386
   0.204127
   0.190996
   0.177993
   0.165121
   0.152382
   0.139779
   0.127313
   0.114988
   0.102805
  0.0907679
  0.0788799
  0.0671463
   0.055574
  0.0441723
  0.0329532
  0.0219326
  0.0111307
0.000573114
-0.00970749
   -0.01967
 -0.0292625
 -0.0384202
 -0.0470621
 -0.0550888
 -0.0623809
 -0.0688004
  -0.074196
 -0.0784144
 -0.0813168
 -0.0827969
          0
  -0.021452
