   -0.151945
   -0.151186
   -0.149697
   -0.147524
   -0.144726
   -0.141363
   -0.137485
   -0.133136
   -0.128348
   -0.123147
   -0.117552
    -0.11158
   -0.105244
  -0.0985544
  -0.0915232
  -0.0841594
  -0.0764719
  -0.0684687
  -0.0601571
  -0.0515434
  -0.0426332
  -0.0334314
  -0.0239423
  -0.0141696
 -0.00411652
  0.00621393
   0.0168193
   0.0276976
   0.0388475
   0.0502689
   0.0619639
   0.0739373
    0.086199
   0.0987656
    0.111664
    0.124936
    0.138645
    0.152881
    0.167777
    0.183523
     0.20039
    0.218759
    0.239168
    0.262359
     0.28931
    0.321145
    0.358526
    0.399409
    0.433099
    0.434809
    0.385039
    0.296644
    0.206001
    0.133229
   0.0793869
   0.0400098
   0.0108671
   -0.011062
  -0.0277999
  -0.0406922
  -0.0506474
  -0.0582913
  -0.0640651
  -0.0682876
  -0.0711954
  -0.0729686
  -0.0737493
   -0.073653
  -0.0727771
  -0.0712067
  -0.0690189
  -0.0662848
  -0.0630722
  -0.0594463
  -0.0554703
  -0.0512059
  -0.0467134
  -0.0420512
  -0.0372757
  -0.0324408
  -0.0275972
  -0.0227921
  -0.0180687
  -0.0134654
 -0.00901576
 -0.00474787
-0.000684339
  0.00315774
  0.00676653
   0.0101348
   0.0132588
   0.0161369
   0.0187672
   0.0211448
   0.0232595
   0.0250934
   0.0266205
   0.0278087
   0.0286248
   0.0290408
           0
  -0.0203897
