 -0.0796176
 -0.0780822
 -0.0751234
  -0.070941
 -0.0657821
 -0.0599013
 -0.0535303
 -0.0468615
 -0.0400428
  -0.033181
 -0.0263476
 -0.0195868
 -0.0129221
-0.00636146
9.80448e-05
 0.00646739
  0.0127634
   0.019007
  0.0252224
  0.0314361
  0.0376762
  0.0439723
  0.0503544
  0.0568531
  0.0634992
   0.070323
  0.0773549
  0.0846248
  0.0921626
  0.0999986
   0.108164
   0.116693
   0.125622
   0.134997
   0.144872
   0.155316
   0.166422
   0.178312
   0.191154
   0.205179
   0.220705
   0.238179
   0.258221
   0.281685
   0.309705
   0.343612
   0.384313
   0.429872
      0.469
   0.474655
   0.424503
   0.331311
    0.23404
   0.154909
  0.0955195
   0.051287
  0.0177487
-0.00830866
 -0.0290421
 -0.0458867
 -0.0598076
 -0.0714652
 -0.0813197
 -0.0896982
 -0.0968374
  -0.102912
  -0.108055
  -0.112367
  -0.115931
  -0.118813
  -0.121071
  -0.122753
  -0.123904
  -0.124565
  -0.124772
  -0.124561
  -0.123965
  -0.123012
  -0.121729
  -0.120141
  -0.118267
  -0.116124
  -0.113726
  -0.111081
  -0.108196
  -0.105074
  -0.101717
  -0.098127
 -0.0943079
 -0.0902702
 -0.0860349
 -0.0816392
 -0.0771428
  -0.072635
 -0.0682397
 -0.0641171
 -0.0604577
  -0.057467
  -0.055341
 -0.0542349
          0
-0.00793684
