  -0.109773
   -0.10834
  -0.105574
   -0.10165
 -0.0967818
 -0.0911884
 -0.0850644
 -0.0785688
 -0.0718221
 -0.0649094
 -0.0578877
 -0.0507922
 -0.0436424
 -0.0364463
 -0.0292044
 -0.0219116
 -0.0145588
 -0.0071344
0.000375553
 0.00798635
  0.0157144
  0.0235771
   0.031592
  0.0397772
  0.0481508
  0.0567307
  0.0655347
  0.0745805
  0.0838859
  0.0934691
    0.10335
    0.11355
   0.124096
    0.13502
   0.146367
   0.158193
   0.170578
   0.183631
   0.197503
   0.212407
   0.228637
   0.246607
    0.26689
   0.290276
   0.317791
   0.350596
   0.389323
   0.431637
    0.46588
   0.465427
    0.40975
   0.313094
   0.214587
   0.135547
  0.0768654
  0.0336259
  0.0012345
 -0.0235711
 -0.0429657
  -0.058391
 -0.0708157
 -0.0809029
 -0.0891162
 -0.0957871
  -0.101157
  -0.105408
  -0.108677
  -0.111076
  -0.112693
  -0.113604
  -0.113874
  -0.113564
  -0.112726
  -0.111411
  -0.109668
  -0.107542
  -0.105075
  -0.102309
 -0.0992801
 -0.0960243
 -0.0925723
  -0.088951
 -0.0851838
 -0.0812891
 -0.0772815
 -0.0731715
 -0.0689665
 -0.0646721
 -0.0602939
 -0.0558407
 -0.0513279
 -0.0467835
  -0.042253
 -0.0378069
 -0.0335457
  -0.029602
 -0.0261364
 -0.0233246
 -0.0213353
 -0.0203032
          0
 -0.0134412
