    0.03098
  0.0318469
  0.0334978
  0.0357825
    0.03851
  0.0414769
  0.0444909
  0.0473868
  0.0500331
  0.0523326
  0.0542198
  0.0556558
  0.0566236
  0.0571239
  0.0571714
  0.0567918
    0.05602
  0.0548978
  0.0534733
  0.0517991
  0.0499319
  0.0479313
  0.0458593
  0.0437797
  0.0417574
   0.039858
  0.0381475
  0.0366921
  0.0355582
  0.0348126
  0.0345235
  0.0347613
  0.0356005
  0.0371225
  0.0394191
  0.0425981
  0.0467906
  0.0521622
  0.0589281
  0.0673762
  0.0779007
  0.0910522
   0.107615
   0.128718
   0.155991
   0.191712
    0.23866
   0.298546
   0.365999
    0.41818
   0.425002
   0.384504
   0.324071
   0.267054
   0.220167
   0.182636
   0.152207
   0.126896
   0.105245
  0.0862385
  0.0691727
  0.0535618
  0.0390685
  0.0254576
  0.0125654
0.000277651
 -0.0114843
 -0.0227743
 -0.0336283
 -0.0440699
 -0.0541136
 -0.0637674
 -0.0730349
 -0.0819165
 -0.0904099
 -0.0985107
  -0.106213
   -0.11351
  -0.120391
  -0.126846
  -0.132864
  -0.138429
  -0.143528
  -0.148142
  -0.152256
  -0.155851
   -0.15891
   -0.16142
  -0.163369
  -0.164755
  -0.165582
  -0.165873
  -0.165666
  -0.165028
  -0.164051
   -0.16286
  -0.161608
  -0.160463
  -0.159587
  -0.159112
          0
  0.0167592
