   -0.030743
  -0.0292895
  -0.0264959
  -0.0225652
  -0.0177523
  -0.0123247
 -0.00653096
-0.000581634
  0.00535768
   0.0111654
   0.0167587
   0.0220862
   0.0271216
   0.0318576
   0.0363012
   0.0404705
   0.0443916
   0.0480969
   0.0516235
   0.0550123
   0.0583067
   0.0615523
   0.0647961
   0.0680857
   0.0714694
   0.0749953
   0.0787114
   0.0826655
    0.086905
   0.0914777
   0.0964323
     0.10182
    0.107695
    0.114119
    0.121164
    0.128918
     0.13749
    0.147024
    0.157711
    0.169807
    0.183667
    0.199785
    0.218851
    0.241832
     0.27005
    0.305173
    0.348725
    0.399873
    0.448897
    0.469356
    0.435845
     0.35679
    0.268494
    0.194109
    0.136894
   0.0933482
   0.0595912
   0.0327155
   0.0107308
 -0.00770138
  -0.0234863
  -0.0372437
  -0.0494045
  -0.0602719
  -0.0700626
  -0.0789334
  -0.0869993
   -0.094346
   -0.101039
   -0.107128
   -0.112653
   -0.117649
   -0.122141
   -0.126155
   -0.129711
   -0.132825
   -0.135515
   -0.137792
   -0.139668
   -0.141149
   -0.142242
   -0.142948
   -0.143266
   -0.143195
   -0.142728
   -0.141861
   -0.140586
   -0.138901
   -0.136807
   -0.134313
   -0.131441
   -0.128233
   -0.124753
   -0.121101
   -0.117408
   -0.113845
   -0.110614
   -0.107932
   -0.106005
   -0.104996
           0
  0.00181326
