    0.011711
    0.012875
    0.015103
   0.0182143
     0.02198
   0.0261576
   0.0305191
   0.0348692
   0.0390526
    0.042955
   0.0464981
   0.0496344
   0.0523414
   0.0546155
   0.0564686
   0.0579242
   0.0590152
   0.0597814
   0.0602686
    0.060527
   0.0606103
   0.0605751
   0.0604797
   0.0603841
   0.0603489
    0.060435
   0.0607037
    0.061216
   0.0620328
   0.0632156
   0.0648265
   0.0669302
    0.069595
   0.0728963
   0.0769195
   0.0817658
   0.0875599
   0.0944599
    0.102673
    0.112477
    0.124252
    0.138527
    0.156053
    0.177895
    0.205561
     0.24108
    0.286712
    0.343093
    0.402977
    0.441881
    0.431559
    0.374449
    0.301843
     0.23711
    0.185524
    0.145148
    0.113027
   0.0867749
   0.0647033
   0.0456541
   0.0288365
   0.0137066
-0.000113087
  -0.0128863
  -0.0247988
  -0.0359817
  -0.0465279
  -0.0565034
  -0.0659549
  -0.0749156
   -0.083409
  -0.0914519
   -0.099056
   -0.106229
   -0.112977
   -0.119301
   -0.125203
   -0.130682
   -0.135734
   -0.140355
   -0.144536
   -0.148269
   -0.151542
   -0.154343
   -0.156659
   -0.158474
   -0.159777
   -0.160556
   -0.160806
    -0.16053
   -0.159743
   -0.158476
   -0.156784
   -0.154752
   -0.152496
    -0.15017
   -0.147956
   -0.146055
   -0.144657
   -0.143915
           0
    0.011542
