   0.0417105
   0.0419824
   0.0424848
   0.0431421
   0.0438571
   0.0445251
   0.0450459
   0.0453318
   0.0453121
   0.0449344
   0.0441636
   0.0429801
   0.0413781
   0.0393635
   0.0369522
    0.034169
   0.0310462
   0.0276224
   0.0239425
   0.0200558
   0.0160162
   0.0118811
  0.00771068
  0.00356768
-0.000483479
 -0.00437702
 -0.00804618
  -0.0114234
  -0.0144404
  -0.0170278
  -0.0191143
  -0.0206261
  -0.0214845
  -0.0216035
  -0.0208862
  -0.0192188
  -0.0164631
  -0.0124453
 -0.00693928
 0.000357679
  0.00986145
   0.0221573
   0.0380871
   0.0588842
   0.0863733
    0.123216
    0.172976
    0.238922
     0.31829
     0.39028
     0.42177
    0.404513
    0.360733
    0.314109
    0.273516
    0.239828
     0.21176
    0.187871
    0.167012
    0.148349
    0.131292
    0.115427
    0.100467
   0.0862098
   0.0725161
   0.0592906
   0.0464691
   0.0340094
   0.0218853
   0.0100817
  -0.0014087
  -0.0125877
  -0.0234533
  -0.0340009
   -0.044224
  -0.0541147
   -0.063664
  -0.0728621
  -0.0816979
  -0.0901595
   -0.098234
   -0.105907
   -0.113165
    -0.11999
   -0.126366
   -0.132277
   -0.137704
   -0.142631
   -0.147045
   -0.150933
    -0.15429
   -0.157117
   -0.159424
   -0.161235
   -0.162589
   -0.163541
   -0.164159
   -0.164523
   -0.164711
   -0.164787
           0
   0.0210781
