-0.000987753
 0.000293596
  0.00275031
  0.00619149
   0.0103758
   0.0150482
   0.0199698
   0.0249363
    0.029786
   0.0343993
   0.0386948
   0.0426224
   0.0461574
   0.0492949
   0.0520449
   0.0544294
   0.0564793
   0.0582327
   0.0597329
   0.0610277
   0.0621682
   0.0632079
   0.0642023
   0.0652078
   0.0662818
   0.0674816
   0.0688648
   0.0704886
   0.0724102
    0.074687
   0.0773773
   0.0805418
   0.0842448
   0.0885577
   0.0935618
   0.0993545
    0.106056
     0.11382
    0.122849
    0.133415
    0.145891
    0.160794
    0.178857
    0.201113
     0.22901
    0.264455
    0.309455
     0.36413
     0.42034
    0.452839
    0.434298
    0.369273
    0.290909
    0.222564
    0.168816
     0.12717
   0.0943357
   0.0677381
   0.0455767
   0.0266271
   0.0100562
 -0.00470798
  -0.0180622
  -0.0302847
   -0.041572
  -0.0520643
   -0.061862
  -0.0710376
  -0.0796439
  -0.0877199
  -0.0952942
   -0.102389
    -0.10902
   -0.115202
   -0.120943
    -0.12625
    -0.13113
   -0.135586
   -0.139616
   -0.143222
   -0.146398
    -0.14914
   -0.151438
   -0.153283
   -0.154665
   -0.155571
    -0.15599
   -0.155915
   -0.155342
   -0.154278
   -0.152739
   -0.150763
   -0.148409
   -0.145769
   -0.142966
   -0.140164
   -0.137555
   -0.135347
   -0.133739
   -0.132891
           0
   0.0084555
