-0.00440678
-0.00534562
-0.00715814
-0.00972766
 -0.0129085
 -0.0165499
 -0.0205154
 -0.0246938
 -0.0290022
 -0.0333834
 -0.0378013
 -0.0422341
 -0.0466693
  -0.051099
 -0.0555167
 -0.0599143
 -0.0642812
 -0.0686027
 -0.0728598
 -0.0770288
 -0.0810815
 -0.0849855
 -0.0887044
 -0.0921983
 -0.0954243
 -0.0983368
  -0.100888
  -0.103027
  -0.104702
  -0.105858
  -0.106436
  -0.106373
    -0.1056
  -0.104039
  -0.101596
 -0.0981589
 -0.0935878
 -0.0877002
  -0.080254
  -0.070919
 -0.0592346
 -0.0445427
 -0.0258837
 -0.0018293
  0.0297762
  0.0721704
   0.129926
   0.207977
     0.3056
   0.401907
   0.458158
   0.459927
   0.427098
   0.385899
   0.347934
   0.315603
   0.288343
   0.265045
   0.244716
   0.226595
   0.210124
   0.194905
   0.180651
   0.167159
   0.154285
   0.141925
   0.130006
   0.118476
   0.107296
  0.0964392
   0.085884
  0.0756137
   0.065614
  0.0558722
  0.0463763
  0.0371142
  0.0280742
  0.0192444
  0.0106127
 0.00216718
-0.00610368
 -0.0142111
 -0.0221655
 -0.0299766
 -0.0376526
 -0.0452003
 -0.0526243
 -0.0599263
 -0.0671037
 -0.0741479
 -0.0810412
 -0.0877534
 -0.0942362
  -0.100418
  -0.106196
  -0.111435
  -0.115969
  -0.119607
  -0.122164
  -0.123487
          0
  0.0159265
