  -0.0363408
  -0.0374288
  -0.0395229
  -0.0424758
  -0.0461022
   -0.050208
  -0.0546148
  -0.0591736
    -0.06377
  -0.0683227
  -0.0727781
   -0.077103
  -0.0812789
  -0.0852962
  -0.0891499
  -0.0928363
  -0.0963511
  -0.0996875
   -0.102835
   -0.105781
   -0.108505
   -0.110988
   -0.113202
   -0.115119
   -0.116706
   -0.117928
   -0.118748
   -0.119125
   -0.119017
   -0.118377
   -0.117156
     -0.1153
   -0.112747
   -0.109426
   -0.105251
   -0.100115
  -0.0938834
  -0.0863767
   -0.077355
  -0.0664884
  -0.0533134
  -0.0371662
   -0.017077
  0.00839746
   0.0414309
   0.0852743
    0.144478
    0.223829
     0.32212
    0.417568
    0.470995
    0.468763
    0.432267
    0.388401
    0.348699
    0.315328
    0.287532
    0.264073
    0.243871
    0.226107
    0.210184
    0.195674
    0.182269
    0.169747
     0.15795
    0.146761
    0.136096
     0.12589
    0.116095
    0.106672
    0.097589
   0.0888188
   0.0803358
   0.0721158
    0.064135
   0.0563696
   0.0487958
   0.0413892
   0.0341255
   0.0269805
   0.0199302
   0.0129511
  0.00602086
-0.000881475
 -0.00777507
  -0.0146765
  -0.0215987
  -0.0285501
   -0.035532
  -0.0425363
  -0.0495417
  -0.0565081
  -0.0633707
  -0.0700324
  -0.0763573
  -0.0821674
  -0.0872459
   -0.091353
  -0.0942539
  -0.0957582
           0
   0.0110094
