 0.00915635
 0.00835454
 0.00680266
 0.00459309
 0.00184056
-0.00133727
-0.00483515
-0.00856867
 -0.0124763
 -0.0165167
 -0.0206643
 -0.0249039
 -0.0292261
 -0.0336235
  -0.038088
 -0.0426089
 -0.0471718
 -0.0517576
 -0.0563425
 -0.0608977
 -0.0653899
 -0.0697816
 -0.0740311
 -0.0780936
 -0.0819213
 -0.0854637
 -0.0886683
 -0.0914804
 -0.0938436
 -0.0956987
 -0.0969837
 -0.0976323
 -0.0975719
 -0.0967209
 -0.0949845
 -0.0922488
 -0.0883718
 -0.0831713
 -0.0764063
 -0.0677491
 -0.0567441
 -0.0427418
 -0.0247962
-0.00150029
  0.0292684
  0.0706973
    0.12729
   0.203914
   0.299882
   0.394679
   0.450178
   0.452113
   0.419943
   0.379433
   0.342005
   0.310038
   0.282989
   0.259776
   0.239429
   0.221205
   0.204559
   0.189101
   0.174555
   0.160724
   0.147468
    0.13469
   0.122322
   0.110314
  0.0986354
  0.0872611
  0.0761751
  0.0653652
  0.0548222
  0.0445381
  0.0345061
  0.0247197
  0.0151725
 0.00585796
-0.00323003
 -0.0120976
 -0.0207506
 -0.0291943
 -0.0374335
 -0.0454719
 -0.0533125
 -0.0609569
 -0.0684051
  -0.075655
 -0.0827016
 -0.0895352
 -0.0961399
   -0.10249
  -0.108547
  -0.114253
  -0.119528
  -0.124264
  -0.128327
  -0.131567
  -0.133833
  -0.135002
          0
  0.0178756
