  0.0402053
  0.0402486
  0.0403118
  0.0403519
  0.0403127
  0.0401328
  0.0397517
  0.0391153
  0.0381791
   0.036909
  0.0352819
  0.0332858
   0.030918
  0.0281855
  0.0251035
  0.0216947
  0.0179888
  0.0140219
 0.00983549
 0.00547631
0.000995305
-0.00355278
-0.00811004
  -0.012616
 -0.0170081
 -0.0212224
 -0.0251934
 -0.0288548
 -0.0321393
 -0.0349781
 -0.0373006
  -0.039033
 -0.0400966
 -0.0404052
 -0.0398609
 -0.0383492
 -0.0357302
 -0.0318275
 -0.0264116
 -0.0191744
-0.00969179
 0.00263457
  0.0186683
  0.0396802
  0.0675625
   0.105103
    0.15611
   0.224305
   0.307624
   0.385667
   0.424225
    0.41326
   0.373759
   0.329685
    0.29058
   0.257779
   0.230253
   0.206698
   0.186041
   0.167491
   0.150483
   0.134621
   0.119624
   0.105299
  0.0915106
  0.0781669
  0.0652056
  0.0525861
  0.0402832
  0.0282823
  0.0165764
 0.00516375
 -0.0059539
 -0.0167724
  -0.027286
 -0.0374877
 -0.0473696
 -0.0569231
 -0.0661388
 -0.0750064
  -0.083515
 -0.0916525
 -0.0994061
  -0.106762
  -0.113706
  -0.120222
  -0.126295
  -0.131911
  -0.137055
  -0.141715
  -0.145882
   -0.14955
   -0.15272
  -0.155401
  -0.157606
  -0.159361
  -0.160698
  -0.161653
  -0.162264
  -0.162561
          0
  0.0214346
