-0.0243905
-0.0251886
-0.0267667
-0.0290907
 -0.032115
-0.0357868
-0.0400504
-0.0448505
-0.0501336
-0.0558494
-0.0619509
-0.0683937
-0.0751354
-0.0821349
-0.0893514
 -0.096744
  -0.10427
 -0.111887
 -0.119548
 -0.127207
 -0.134812
 -0.142313
 -0.149655
 -0.156783
 -0.163638
 -0.170161
 -0.176292
 -0.181968
 -0.187124
 -0.191695
 -0.195611
 -0.198797
 -0.201174
  -0.20265
 -0.203121
 -0.202463
  -0.20052
 -0.197094
 -0.191922
 -0.184648
  -0.17477
  -0.16157
 -0.143983
   -0.1204
-0.0883222
-0.0438433
 0.0189598
   0.10769
  0.226042
   0.35647
  0.454868
  0.496039
  0.491215
  0.467329
  0.439714
  0.413587
  0.390026
  0.368838
  0.349551
   0.33171
  0.314948
  0.298987
  0.283624
  0.268715
  0.254158
  0.239882
  0.225842
  0.212006
  0.198358
  0.184887
  0.171589
  0.158463
  0.145511
  0.132735
  0.120139
  0.107727
 0.0955047
 0.0834767
 0.0716497
 0.0600316
 0.0486317
 0.0374618
 0.0265362
  0.015872
0.00549029
-0.0045842
-0.0143223
-0.0236902
-0.0326491
-0.0411553
-0.0491602
-0.0566103
-0.0634484
-0.0696143
-0.0750469
-0.0796858
-0.0834747
 -0.086364
-0.0883137
-0.0892957
         0
-0.0219903
