  -0.0197353
  -0.0207688
  -0.0227607
  -0.0255762
  -0.0290464
  -0.0329953
   -0.037262
  -0.0417139
  -0.0462502
  -0.0508006
  -0.0553192
  -0.0597783
  -0.0641622
  -0.0684623
  -0.0726728
  -0.0767883
  -0.0808013
  -0.0847012
  -0.0884737
  -0.0920999
   -0.095557
  -0.0988176
   -0.101851
   -0.104622
   -0.107093
   -0.109224
   -0.110971
    -0.11229
   -0.113132
   -0.113446
    -0.11318
   -0.112272
   -0.110659
   -0.108264
   -0.104998
   -0.100751
  -0.0953846
  -0.0887175
  -0.0805081
  -0.0704253
  -0.0580055
  -0.0425859
  -0.0231984
  0.00159787
   0.0339763
   0.0771963
    0.135847
    0.214836
    0.313259
    0.409791
    0.465331
    0.465666
    0.431347
    0.388989
    0.350237
    0.317416
    0.289891
    0.266499
     0.24621
    0.228237
    0.212003
    0.197097
    0.183221
    0.170166
    0.157778
     0.14595
      0.1346
    0.123673
    0.113124
    0.102921
   0.0930376
   0.0834514
   0.0741429
   0.0650938
   0.0562865
   0.0477031
    0.039326
   0.0311372
   0.0231185
   0.0152521
  0.00752014
-9.46261e-05
 -0.00760864
  -0.0150372
  -0.0223942
  -0.0296913
  -0.0369376
  -0.0441382
  -0.0512926
  -0.0583928
  -0.0654193
  -0.0723368
  -0.0790884
  -0.0855887
  -0.0917174
  -0.0973152
   -0.102187
   -0.106115
   -0.108883
   -0.110317
           0
   0.0136258
