  -0.162686
  -0.162998
  -0.163559
  -0.164254
  -0.164942
  -0.165478
  -0.165732
  -0.165599
     -0.165
  -0.163884
   -0.16222
  -0.159992
    -0.1572
  -0.153849
  -0.149952
  -0.145526
  -0.140588
  -0.135155
  -0.129248
  -0.122881
  -0.116073
  -0.108837
  -0.101187
  -0.093135
 -0.0846923
 -0.0758679
 -0.0666698
 -0.0571045
 -0.0471766
 -0.0368886
 -0.0262397
 -0.0152248
-0.00383283
 0.00795583
   0.020173
  0.0328674
  0.0461119
  0.0600129
  0.0747246
  0.0904687
   0.107564
   0.126469
   0.147843
   0.172636
   0.202191
   0.238294
   0.282848
   0.336043
   0.390421
   0.422586
   0.407067
   0.348044
   0.276595
    0.21477
   0.167002
   0.131036
    0.10382
  0.0829502
  0.0667307
  0.0539985
  0.0439513
   0.036027
  0.0298247
  0.0250515
  0.0214883
  0.0189665
  0.0173522
  0.0165352
  0.0164214
  0.0169271
  0.0179759
  0.0194954
  0.0214158
  0.0236684
  0.0261855
  0.0288995
  0.0317433
  0.0346504
  0.0375551
  0.0403931
  0.0431019
  0.0456217
   0.047896
   0.049872
  0.0515021
  0.0527444
  0.0535643
  0.0539355
  0.0538425
  0.0532826
  0.0522693
  0.0508357
  0.0490386
  0.0469626
  0.0447223
  0.0424615
   0.040347
  0.0385548
  0.0372501
   0.036562
          0
 -0.0185514
