  -0.109867
  -0.108434
  -0.105669
  -0.101745
 -0.0968786
 -0.0912863
 -0.0851634
 -0.0786688
 -0.0719228
 -0.0650107
 -0.0579895
 -0.0508942
 -0.0437444
 -0.0365482
 -0.0293061
 -0.0220128
 -0.0146596
-0.00723452
0.000276172
  0.0078878
  0.0156168
  0.0234805
  0.0314965
  0.0396829
  0.0480578
  0.0566391
  0.0654446
   0.074492
   0.083799
  0.0933839
   0.103266
   0.113468
   0.124016
   0.134943
   0.146292
   0.158121
   0.170509
   0.183565
    0.19744
   0.212347
   0.228581
   0.246556
   0.266846
   0.290238
   0.317762
   0.350579
   0.389323
   0.431659
   0.465933
   0.465514
   0.409863
   0.313219
   0.214712
   0.135667
    0.07698
  0.0337352
 0.00133913
 -0.0234704
 -0.0428683
 -0.0582965
 -0.0707236
 -0.0808129
 -0.0890281
 -0.0957005
  -0.101072
  -0.105324
  -0.108595
  -0.110994
  -0.112612
  -0.113523
  -0.113794
  -0.113484
  -0.112647
  -0.111332
  -0.109589
  -0.107463
  -0.104996
   -0.10223
 -0.0992016
 -0.0959458
 -0.0924937
 -0.0888725
 -0.0851053
 -0.0812107
 -0.0772032
 -0.0730933
 -0.0688886
 -0.0645945
 -0.0602168
  -0.055764
  -0.051252
 -0.0467082
 -0.0421786
 -0.0377334
 -0.0334732
 -0.0295304
 -0.0260657
 -0.0232547
  -0.021266
 -0.0202342
          0
 -0.0134682
