   -0.152046
   -0.151287
   -0.149798
   -0.147625
   -0.144828
   -0.141464
   -0.137587
   -0.133237
   -0.128449
   -0.123248
   -0.117653
    -0.11168
   -0.105343
  -0.0986528
  -0.0916207
   -0.084256
  -0.0765675
  -0.0685632
  -0.0602504
  -0.0516355
   -0.042724
  -0.0335208
  -0.0240303
  -0.0142561
  -0.0042015
  0.00613059
   0.0167377
   0.0276177
   0.0387695
   0.0501929
   0.0618899
   0.0738655
   0.0861295
   0.0986985
      0.1116
    0.124875
    0.138586
    0.152825
    0.167725
    0.183475
    0.200346
     0.21872
    0.239135
    0.262333
    0.289295
    0.321141
     0.35854
    0.399445
    0.433165
    0.434908
     0.38516
    0.296773
    0.206127
    0.133348
   0.0794982
   0.0401144
   0.0109663
  -0.0109675
  -0.0277092
  -0.0406048
  -0.0505628
  -0.0582091
   -0.063985
  -0.0682093
  -0.0711187
  -0.0728933
  -0.0736752
  -0.0735799
  -0.0727049
  -0.0711353
   -0.068948
  -0.0662144
  -0.0630022
  -0.0593766
  -0.0554007
  -0.0511364
  -0.0466439
  -0.0419817
  -0.0372061
   -0.032371
  -0.0275271
  -0.0227218
  -0.0179982
  -0.0133946
  -0.0089447
 -0.00467655
-0.000612783
  0.00322951
  0.00683847
   0.0102068
    0.013331
   0.0162091
   0.0188392
   0.0212167
   0.0233312
   0.0251649
   0.0266918
   0.0278798
   0.0286957
   0.0291116
           0
  -0.0204161
