  -0.144235
  -0.143259
  -0.141357
  -0.138616
  -0.135144
  -0.131047
  -0.126418
  -0.121335
  -0.115854
  -0.110017
  -0.103854
 -0.0973847
 -0.0906245
 -0.0835838
 -0.0762705
 -0.0686906
 -0.0608486
  -0.052748
  -0.044391
 -0.0357793
 -0.0269135
 -0.0177938
-0.00841964
  0.0012097
  0.0110954
  0.0212389
  0.0316416
  0.0423056
  0.0532331
  0.0644277
  0.0758946
  0.0876419
  0.0996822
   0.112035
   0.124731
   0.137812
   0.151346
   0.165424
   0.180183
   0.195814
   0.212589
   0.230892
   0.251259
   0.274428
   0.301363
   0.333149
   0.370359
    0.41073
   0.443138
   0.442304
   0.388912
    0.29672
   0.203065
   0.128201
  0.0729162
  0.0324981
 0.00255587
 -0.0200261
 -0.0373261
 -0.0507234
  -0.061147
 -0.0692357
 -0.0754386
 -0.0800795
 -0.0833976
 -0.0855746
 -0.0867526
 -0.0870469
 -0.0865539
 -0.0853573
 -0.0835322
 -0.0811477
 -0.0782689
 -0.0749584
 -0.0712763
 -0.0672812
 -0.0630296
 -0.0585763
 -0.0539737
 -0.0492713
 -0.0445156
 -0.0397491
 -0.0350102
 -0.0303326
  -0.025745
 -0.0212711
 -0.0169295
 -0.0127338
-0.00869408
-0.00481744
-0.00111041
  0.0024185
 0.00575522
 0.00887617
  0.0117444
  0.0143072
  0.0164969
  0.0182363
  0.0194489
  0.0200727
          0
 -0.0192769
