  -0.157986
  -0.157459
  -0.156408
  -0.154843
  -0.152771
  -0.150203
  -0.147148
  -0.143613
  -0.139608
  -0.135141
  -0.130222
  -0.124862
  -0.119072
  -0.112865
  -0.106253
  -0.099249
 -0.0918655
 -0.0841144
 -0.0760071
 -0.0675542
 -0.0587654
 -0.0496495
 -0.0402148
 -0.0304685
 -0.0204177
 -0.0100684
0.000573547
  0.0115032
  0.0227165
  0.0342109
  0.0459858
  0.0580443
  0.0703941
  0.0830503
  0.0960384
   0.109399
   0.123193
   0.137512
   0.152489
   0.168314
    0.18526
   0.203713
   0.224221
   0.247543
   0.274695
   0.306873
   0.344895
   0.387026
   0.423102
   0.428778
   0.383987
   0.300339
   0.213159
   0.142621
  0.0902113
  0.0517968
   0.023343
 0.00193887
 -0.0143757
   -0.02691
 -0.0365507
 -0.0439099
 -0.0494207
 -0.0533965
 -0.0560707
 -0.0576217
 -0.0581907
  -0.057893
 -0.0568266
 -0.0550775
 -0.0527238
 -0.0498384
 -0.0464909
 -0.0427484
 -0.0386768
 -0.0343403
 -0.0298022
  -0.025124
 -0.0203656
 -0.0155844
 -0.0108352
 -0.0061693
-0.00163404
 0.00272769
 0.00687802
  0.0107846
   0.014421
   0.017767
   0.020809
  0.0235397
  0.0259583
  0.0280701
  0.0298856
  0.0314195
  0.0326893
  0.0337132
   0.034509
  0.0350919
  0.0354738
  0.0356628
          0
  -0.021093
