  -0.0953096
   -0.093807
  -0.0909092
  -0.0868065
  -0.0817332
  -0.0759288
  -0.0696099
  -0.0629541
  -0.0560974
  -0.0491365
  -0.0421365
  -0.0351372
  -0.0281601
  -0.0212133
  -0.0142953
 -0.00739789
-0.000508074
   0.0063907
   0.0133176
   0.0202935
   0.0273409
   0.0344831
   0.0417442
   0.0491484
     0.05672
   0.0644834
   0.0724624
   0.0806808
   0.0891624
   0.0979313
    0.107013
    0.116435
     0.12623
    0.136435
      0.1471
    0.158289
    0.170086
    0.182608
    0.196014
    0.210525
    0.226449
    0.244214
    0.264417
    0.287877
    0.315672
     0.34904
    0.388734
    0.432579
     0.46903
     0.47118
    0.417643
    0.322085
     0.22371
    0.144303
   0.0850625
   0.0411942
  0.00814304
  -0.0173447
  -0.0374445
  -0.0536003
  -0.0667826
  -0.0776557
  -0.0866832
  -0.0941954
   -0.100432
   -0.105573
   -0.109753
   -0.113078
   -0.115635
   -0.117496
   -0.118721
   -0.119365
   -0.119478
   -0.119106
    -0.11829
   -0.117072
    -0.11549
   -0.113577
   -0.111368
    -0.10889
   -0.106171
    -0.10323
   -0.100088
   -0.096757
  -0.0932477
   -0.089567
  -0.0857193
  -0.0817081
  -0.0775385
  -0.0732201
  -0.0687714
  -0.0642255
   -0.059636
  -0.0550841
   -0.050684
  -0.0465844
  -0.0429636
  -0.0400153
  -0.0379244
  -0.0368381
           0
  -0.0108532
