   0.0416288
   0.0419008
   0.0424034
   0.0430609
   0.0437763
   0.0444449
   0.0449663
   0.0452528
   0.0452339
   0.0448571
   0.0440873
   0.0429048
   0.0413039
   0.0392904
   0.0368803
   0.0340983
   0.0309766
   0.0275542
   0.0238755
   0.0199901
   0.0159518
   0.0118181
  0.00764905
  0.00350747
-0.000542212
 -0.00443423
 -0.00810183
  -0.0114774
  -0.0144928
  -0.0170783
  -0.0191631
  -0.0206729
  -0.0215293
  -0.0216462
  -0.0209265
  -0.0192566
  -0.0164984
  -0.0124777
 -0.00696858
 0.000331865
  0.00983959
     0.02214
   0.0380752
    0.058879
   0.0863765
     0.12323
    0.173005
    0.238971
    0.318363
    0.390377
    0.421882
    0.404627
    0.360839
    0.314206
    0.273605
     0.23991
    0.211836
    0.187942
    0.167079
    0.148413
    0.131353
    0.115486
    0.100523
   0.0862642
   0.0725689
   0.0593419
    0.046519
   0.0340582
   0.0219331
   0.0101287
 -0.00136244
   -0.012542
  -0.0234081
  -0.0339561
  -0.0441795
  -0.0540704
  -0.0636199
  -0.0728179
  -0.0816537
  -0.0901152
  -0.0981895
   -0.105863
    -0.11312
   -0.119945
   -0.126321
   -0.132231
   -0.137657
   -0.142584
   -0.146997
   -0.150885
   -0.154242
   -0.157068
   -0.159375
   -0.161186
   -0.162539
    -0.16349
   -0.164108
   -0.164472
    -0.16466
   -0.164736
           0
   0.0210532
