   0.030895
  0.0317617
  0.0334123
  0.0356967
  0.0384239
  0.0413904
  0.0444043
  0.0473001
  0.0499463
   0.052246
  0.0541335
  0.0555699
  0.0565383
  0.0570393
  0.0570875
  0.0567087
  0.0559377
  0.0548166
  0.0533931
    0.05172
  0.0498539
  0.0478545
  0.0457838
  0.0437055
  0.0416846
  0.0397866
  0.0380777
  0.0366238
  0.0354916
  0.0347478
  0.0344605
  0.0347002
  0.0355415
  0.0370656
  0.0393645
   0.042546
  0.0467411
  0.0521155
  0.0588846
  0.0673362
  0.0778647
  0.0910209
   0.107589
   0.128699
   0.155981
   0.191713
   0.238676
   0.298583
   0.366063
   0.418272
   0.425113
   0.384622
   0.324184
    0.26716
   0.220266
   0.182729
   0.152294
   0.126979
   0.105325
  0.0863148
  0.0692463
  0.0536331
  0.0391378
  0.0255252
  0.0126314
0.000342352
 -0.0114208
 -0.0227118
 -0.0335667
 -0.0440091
 -0.0540534
 -0.0637077
 -0.0729757
 -0.0818577
 -0.0903513
 -0.0984523
  -0.106155
  -0.113451
  -0.120333
  -0.126788
  -0.132805
  -0.138371
  -0.143469
  -0.148083
  -0.152197
  -0.155791
  -0.158851
   -0.16136
   -0.16331
  -0.164695
  -0.165522
  -0.165813
  -0.165607
  -0.164968
  -0.163991
  -0.162801
  -0.161549
  -0.160404
  -0.159528
  -0.159054
          0
  0.0167328
