  0.0370011
  0.0376883
  0.0389915
  0.0407813
  0.0428928
  0.0451502
  0.0473866
  0.0494584
  0.0512511
  0.0526803
   0.053689
  0.0542444
  0.0543329
  0.0539573
  0.0531331
  0.0518866
  0.0502524
  0.0482724
  0.0459943
  0.0434707
  0.0407584
   0.037917
   0.035009
  0.0320988
   0.029252
  0.0265352
  0.0240155
  0.0217604
  0.0198378
  0.0183162
  0.0172654
  0.0167578
    0.01687
  0.0176855
  0.0192984
  0.0218189
  0.0253809
   0.030153
  0.0363543
  0.0442775
  0.0543236
  0.0670544
   0.083272
   0.104139
    0.13135
   0.167309
   0.215061
   0.276858
   0.348253
   0.407187
   0.422598
    0.39033
   0.335878
   0.282636
   0.238052
    0.20193
   0.172362
   0.147559
   0.126176
   0.107265
  0.0901648
  0.0744159
  0.0596999
  0.0457948
  0.0325464
  0.0198483
 0.00762748
-0.00416479
 -0.0155603
 -0.0265788
 -0.0372314
 -0.0475231
 -0.0574546
 -0.0670237
 -0.0762256
 -0.0850539
 -0.0935006
  -0.101556
   -0.10921
  -0.116451
  -0.123263
  -0.129634
  -0.135547
  -0.140983
  -0.145926
  -0.150357
  -0.154259
  -0.157614
  -0.160412
  -0.162644
  -0.164314
  -0.165434
  -0.166037
  -0.166175
  -0.165925
  -0.165393
  -0.164709
  -0.164017
  -0.163458
  -0.163146
          0
  0.0186958
