 -0.0265404
 -0.0263926
 -0.0261589
 -0.0259458
 -0.0258781
 -0.0260747
 -0.0266314
 -0.0276144
 -0.0290604
 -0.0309813
 -0.0333698
 -0.0362044
 -0.0394539
 -0.0430805
 -0.0470413
 -0.0512903
 -0.0557788
 -0.0604558
 -0.0652685
 -0.0701626
 -0.0750821
 -0.0799697
 -0.0847669
 -0.0894142
 -0.0938514
 -0.0980174
  -0.101851
  -0.105289
  -0.108269
  -0.110727
  -0.112595
  -0.113804
  -0.114276
  -0.113927
   -0.11266
  -0.110357
  -0.106873
  -0.102024
 -0.0955625
 -0.0871569
 -0.0763425
 -0.0624572
 -0.0445335
 -0.0211273
 0.00995069
  0.0520144
   0.109812
   0.188671
   0.288614
    0.38954
   0.452214
   0.460526
   0.432658
   0.394658
    0.35863
   0.327422
   0.300759
   0.277699
   0.257351
   0.239016
   0.222179
   0.206466
   0.191613
   0.177431
   0.163788
   0.150592
   0.137778
   0.125303
   0.113137
   0.101263
  0.0896671
  0.0783439
  0.0672892
   0.056502
  0.0459829
  0.0357342
  0.0257597
  0.0160649
 0.00665737
-0.00245325
 -0.0112545
 -0.0197312
 -0.0278645
 -0.0356326
   -0.04301
 -0.0499682
  -0.056476
 -0.0625007
 -0.0680094
 -0.0729713
 -0.0773608
  -0.081161
 -0.0843681
 -0.0869954
 -0.0890753
 -0.0906594
 -0.0918126
 -0.0926037
 -0.0930938
 -0.0933274
          0
 -0.0192527
