   0.0116232
    0.012787
   0.0150144
   0.0181251
   0.0218901
   0.0260671
   0.0304281
   0.0347776
   0.0389608
   0.0428629
    0.046406
   0.0495425
   0.0522497
   0.0545242
   0.0563778
   0.0578341
   0.0589257
   0.0596927
   0.0601808
   0.0604401
   0.0605245
   0.0604904
   0.0603962
   0.0603018
   0.0602678
   0.0603554
   0.0606256
   0.0611394
   0.0619579
   0.0631423
   0.0647551
   0.0668606
   0.0695275
   0.0728309
   0.0768564
   0.0817052
   0.0875019
   0.0944047
    0.102621
    0.112428
    0.124207
    0.138487
    0.156019
    0.177868
    0.205543
    0.241073
     0.28672
    0.343123
    0.403035
    0.441969
    0.431669
    0.374568
     0.30196
    0.237221
    0.185629
    0.145247
    0.113121
   0.0868649
   0.0647898
   0.0457377
   0.0289176
   0.0137855
-3.61041e-05
   -0.012811
   -0.024725
  -0.0359091
  -0.0464565
  -0.0564329
  -0.0658852
  -0.0748466
  -0.0833407
  -0.0913841
  -0.0989885
   -0.106162
    -0.11291
   -0.119234
   -0.125137
   -0.130616
   -0.135668
   -0.140288
   -0.144469
   -0.148202
   -0.151475
   -0.154276
   -0.156592
   -0.158407
    -0.15971
   -0.160489
   -0.160739
   -0.160464
   -0.159676
    -0.15841
   -0.156718
   -0.154686
    -0.15243
   -0.150105
   -0.147892
   -0.145991
   -0.144593
   -0.143851
           0
   0.0115149
