  -0.0364188
  -0.0375061
  -0.0395989
  -0.0425499
  -0.0461739
  -0.0502772
  -0.0546812
  -0.0592372
  -0.0638308
  -0.0683809
  -0.0728337
  -0.0771561
  -0.0813297
  -0.0853448
  -0.0891964
  -0.0928809
  -0.0963938
  -0.0997283
   -0.102874
   -0.105818
   -0.108541
   -0.111022
   -0.113235
    -0.11515
   -0.116736
   -0.117957
   -0.118775
    -0.11915
    -0.11904
   -0.118399
   -0.117176
   -0.115318
   -0.112764
    -0.10944
   -0.105263
   -0.100125
  -0.0938911
  -0.0863817
  -0.0773572
  -0.0664874
  -0.0533088
  -0.0371574
  -0.0170633
  0.00841719
   0.0414582
   0.0853111
    0.144528
    0.223895
    0.322204
    0.417668
    0.471101
    0.468863
    0.432354
    0.388476
    0.348764
    0.315384
    0.287582
    0.264118
    0.243912
    0.226144
    0.210218
    0.195705
    0.182297
    0.169774
    0.157975
    0.146785
    0.136118
    0.125911
    0.116114
     0.10669
   0.0976069
   0.0888361
   0.0803525
    0.072132
   0.0641509
   0.0563853
   0.0488114
   0.0414049
   0.0341414
   0.0269967
   0.0199467
   0.0129681
   0.0060386
-0.000862938
 -0.00775559
  -0.0146559
  -0.0215769
  -0.0285268
   -0.035507
  -0.0425095
  -0.0495129
   -0.056477
  -0.0633372
  -0.0699963
  -0.0763185
  -0.0821259
   -0.087202
   -0.091307
  -0.0942064
  -0.0957099
           0
   0.0109893
