  -0.0198145
  -0.0208473
  -0.0228378
  -0.0256514
  -0.0291192
  -0.0330655
  -0.0373295
  -0.0417786
  -0.0463123
    -0.05086
  -0.0553761
  -0.0598328
  -0.0642144
  -0.0685124
  -0.0727208
  -0.0768344
  -0.0808455
  -0.0847437
  -0.0885144
   -0.092139
  -0.0955945
  -0.0988535
   -0.101885
   -0.104655
   -0.107124
   -0.109254
   -0.110999
   -0.112316
   -0.113157
    -0.11347
   -0.113201
   -0.112292
   -0.110677
    -0.10828
   -0.105012
   -0.100763
  -0.0953938
  -0.0887241
  -0.0805118
  -0.0704257
  -0.0580023
  -0.0425784
  -0.0231859
  0.00161641
   0.0340024
   0.0772322
    0.135896
    0.214901
    0.313343
    0.409892
    0.465438
    0.465767
    0.431436
    0.389066
    0.350303
    0.317474
    0.289943
    0.266546
    0.246253
    0.228275
    0.212039
     0.19713
    0.183252
    0.170195
    0.157805
    0.145975
    0.134624
    0.123695
    0.113145
    0.102942
   0.0930572
   0.0834703
   0.0741612
   0.0651117
    0.056304
   0.0477205
   0.0393433
   0.0311544
    0.023136
   0.0152698
   0.0075382
-7.60779e-05
 -0.00758947
  -0.0150173
  -0.0223734
  -0.0296695
  -0.0369146
  -0.0441137
  -0.0512666
  -0.0583651
  -0.0653896
  -0.0723049
  -0.0790542
   -0.085552
  -0.0916781
  -0.0972734
   -0.102143
   -0.106068
   -0.108835
   -0.110269
           0
   0.0136051
