   0.0204954
   0.0198708
   0.0186567
   0.0169152
   0.0147228
    0.012157
  0.00928546
  0.00616102
  0.00282069
-0.000711894
 -0.00442265
 -0.00830303
  -0.0123465
  -0.0165459
  -0.0208912
  -0.0253688
  -0.0299599
  -0.0346411
  -0.0393835
  -0.0441534
  -0.0489125
  -0.0536182
   -0.058224
  -0.0626804
   -0.066935
  -0.0709331
   -0.074618
  -0.0779313
  -0.0808127
  -0.0831999
  -0.0850275
  -0.0862266
   -0.086722
    -0.08643
  -0.0852542
  -0.0830796
  -0.0797638
  -0.0751253
  -0.0689249
   -0.060839
  -0.0504184
  -0.0370248
  -0.0197296
  0.00284619
   0.0327795
    0.073184
    0.128447
    0.203274
    0.296865
    0.388963
    0.442247
    0.442988
    0.410517
    0.370109
    0.332878
    0.301078
    0.274134
    0.250959
    0.230587
    0.212281
    0.195503
    0.179869
    0.165108
    0.151027
    0.137491
    0.124407
     0.11171
   0.0993545
   0.0873119
   0.0755623
   0.0640931
   0.0528961
   0.0419661
   0.0312996
   0.0208943
   0.0107482
 0.000859735
 -0.00877238
  -0.0181493
  -0.0272719
  -0.0361406
  -0.0447553
  -0.0531153
   -0.061219
  -0.0690641
  -0.0766471
  -0.0839635
  -0.0910074
  -0.0977708
   -0.104243
    -0.11041
    -0.11625
   -0.121734
    -0.12682
   -0.131451
   -0.135551
   -0.139026
   -0.141768
   -0.143672
   -0.144649
           0
   0.0194164
