   0.040124
  0.0401675
  0.0402311
  0.0402717
  0.0402333
  0.0400542
  0.0396741
  0.0390389
  0.0381037
  0.0368348
   0.035209
  0.0332141
  0.0308476
  0.0281164
  0.0250357
  0.0216282
  0.0179236
   0.013958
 0.00977302
 0.00541521
0.000935584
 -0.0036111
-0.00816693
 -0.0126714
 -0.0170621
 -0.0212748
 -0.0252442
  -0.028904
 -0.0321868
 -0.0350238
 -0.0373445
  -0.039075
 -0.0401366
  -0.040443
 -0.0398965
 -0.0383824
 -0.0357607
 -0.0318552
 -0.0264362
 -0.0191955
-0.00970901
 0.00262189
   0.018661
  0.0396795
  0.0675701
   0.105122
   0.156142
   0.224357
   0.307699
   0.385766
   0.424337
   0.413372
   0.373863
    0.32978
   0.290665
   0.257857
   0.230325
   0.206765
   0.186104
   0.167551
    0.15054
   0.134675
   0.119676
   0.105349
  0.0915588
  0.0782136
   0.065251
  0.0526303
  0.0403264
  0.0283246
   0.016618
  0.0052047
-0.00591347
 -0.0167324
 -0.0272463
 -0.0374482
 -0.0473302
 -0.0568837
 -0.0660993
 -0.0749668
 -0.0834752
 -0.0916125
 -0.0993657
  -0.106721
  -0.113664
   -0.12018
  -0.126253
  -0.131868
  -0.137011
  -0.141671
  -0.145837
  -0.149504
  -0.152674
  -0.155353
  -0.157558
  -0.159313
  -0.160649
  -0.161604
  -0.162215
  -0.162511
          0
  0.0214104
