 -0.0883242
 -0.0893879
 -0.0914249
 -0.0942722
 -0.0977243
  -0.101565
  -0.105592
  -0.109635
  -0.113561
  -0.117272
  -0.120704
  -0.123814
  -0.126579
   -0.12899
  -0.131043
  -0.132741
  -0.134086
  -0.135081
  -0.135728
  -0.136027
  -0.135972
  -0.135558
  -0.134774
  -0.133608
  -0.132043
  -0.130061
  -0.127642
  -0.124761
  -0.121393
  -0.117508
  -0.113073
  -0.108049
  -0.102391
 -0.0960413
 -0.0889296
  -0.080964
  -0.072023
 -0.0619427
 -0.0504983
 -0.0373764
 -0.0221332
-0.00413091
  0.0175626
  0.0443286
  0.0782298
   0.122303
   0.180664
   0.257233
   0.349348
   0.434072
   0.473922
   0.458824
   0.413194
   0.363842
   0.321125
   0.286285
   0.258019
   0.234773
   0.215288
   0.198632
   0.184136
   0.171323
   0.159847
    0.14946
   0.139979
   0.131266
   0.123216
   0.115749
   0.108798
   0.102306
  0.0962238
  0.0905068
  0.0851115
  0.0799956
  0.0751172
  0.0704343
  0.0659043
  0.0614846
  0.0571326
  0.0528057
  0.0484622
  0.0440615
  0.0395647
  0.0349355
  0.0301405
  0.0251508
  0.0199432
  0.0145018
   0.008821
 0.00290863
-0.00320925
 -0.0094826
 -0.0158305
 -0.0221339
 -0.0282301
 -0.0339104
 -0.0389278
 -0.0430144
 -0.0459138
 -0.0474208
          0
 0.00171034
