   -0.164366
    -0.16429
   -0.164104
   -0.163741
   -0.163125
   -0.162177
   -0.160826
   -0.159018
   -0.156714
   -0.153891
   -0.150537
   -0.146653
   -0.142243
   -0.137319
   -0.131895
   -0.125989
   -0.119616
   -0.112794
    -0.10554
  -0.0978692
  -0.0897975
  -0.0813387
  -0.0725055
  -0.0633099
  -0.0537627
  -0.0438741
  -0.0336528
  -0.0231069
  -0.0122427
 -0.00106488
   0.0104246
   0.0222274
    0.034351
   0.0468105
    0.059632
   0.0728578
    0.086552
     0.10081
    0.115771
    0.131637
    0.148696
     0.16736
    0.188221
    0.212112
    0.240181
    0.273868
    0.314455
    0.361061
    0.404799
    0.421975
    0.390374
    0.318271
    0.238816
    0.172811
    0.123012
   0.0861418
   0.0586333
   0.0378216
   0.0218802
  0.00957483
 6.28707e-05
  -0.0072413
  -0.0127538
  -0.0167776
  -0.0195389
  -0.0212116
  -0.0219341
  -0.0218199
  -0.0209664
  -0.0194593
  -0.0173773
  -0.0147946
  -0.0117821
 -0.00840938
 -0.00474473
-0.000855717
  0.00319091
  0.00732936
   0.0114952
   0.0156257
   0.0196607
   0.0235427
    0.027218
    0.030637
   0.0337551
   0.0365336
   0.0389402
   0.0409501
   0.0425475
   0.0437264
   0.0444929
   0.0448664
   0.0448821
   0.0445926
   0.0440685
   0.0433975
   0.0426801
    0.042021
   0.0415174
   0.0412449
           0
  -0.0209275
