  -0.119337
  -0.120275
   -0.12206
   -0.12453
  -0.127482
  -0.130701
  -0.133987
  -0.137174
   -0.14013
  -0.142761
  -0.145002
  -0.146815
  -0.148178
  -0.149084
  -0.149533
  -0.149531
  -0.149087
   -0.14821
  -0.146907
  -0.145185
  -0.143049
    -0.1405
  -0.137539
  -0.134161
  -0.130363
  -0.126135
  -0.121468
  -0.116349
  -0.110764
  -0.104694
 -0.0981168
 -0.0910058
 -0.0833262
 -0.0750334
 -0.0660682
 -0.0563516
 -0.0457756
 -0.0341916
 -0.0213925
-0.00708686
 0.00914012
  0.0278858
  0.0500217
  0.0768326
   0.110219
   0.152931
   0.208566
   0.280135
    0.36372
   0.436019
    0.46221
   0.435763
   0.383088
   0.330093
    0.28574
   0.250392
   0.222283
   0.199624
   0.181028
   0.165493
   0.152306
    0.14096
   0.131091
   0.122434
   0.114792
   0.108016
    0.10199
  0.0966215
  0.0918341
  0.0875609
  0.0837419
   0.080321
  0.0772446
  0.0744596
  0.0719135
  0.0695535
  0.0673266
  0.0651794
  0.0630591
  0.0609132
    0.05869
  0.0563398
  0.0538149
  0.0510707
  0.0480667
  0.0447675
  0.0411443
  0.0371771
  0.0328574
  0.0281916
  0.0232056
  0.0179507
  0.0125101
  0.0070056
 0.00160253
-0.00348982
-0.00802569
 -0.0117418
 -0.0143882
 -0.0157666
          0
-0.00502055
