   -0.10993
  -0.108498
  -0.105733
   -0.10181
 -0.0969445
 -0.0913531
 -0.0852311
 -0.0787373
  -0.071992
 -0.0650804
 -0.0580595
 -0.0509645
 -0.0438149
 -0.0366187
 -0.0293765
 -0.0220832
 -0.0147296
-0.00730423
0.000206873
   0.007819
  0.0155486
  0.0234129
  0.0314296
  0.0396168
  0.0479925
  0.0565747
  0.0653812
  0.0744296
  0.0837377
  0.0933238
   0.103207
   0.113411
    0.12396
   0.134889
    0.14624
    0.15807
    0.17046
   0.183517
   0.197395
   0.212305
   0.228542
    0.24652
   0.266814
   0.290212
   0.317742
   0.350568
   0.389324
   0.431677
   0.465973
   0.465579
   0.409946
    0.31331
   0.214803
   0.135755
   0.077063
  0.0338141
 0.00141456
 -0.0233979
 -0.0427983
 -0.0582287
 -0.0706576
 -0.0807485
 -0.0889651
 -0.0956388
  -0.101012
  -0.105264
  -0.108536
  -0.110936
  -0.112554
  -0.113466
  -0.113738
  -0.113428
  -0.112591
  -0.111277
  -0.109534
  -0.107408
  -0.104942
  -0.102176
 -0.0991473
 -0.0958916
 -0.0924396
 -0.0888185
 -0.0850514
 -0.0811569
 -0.0771496
   -0.07304
 -0.0688356
 -0.0645419
 -0.0601646
 -0.0557123
 -0.0512009
 -0.0466578
 -0.0421289
 -0.0376845
 -0.0334251
 -0.0294831
 -0.0260192
 -0.0232087
 -0.0212205
 -0.0201889
          0
 -0.0134863
