  -0.0953724
  -0.0938701
   -0.090973
  -0.0868711
  -0.0817987
  -0.0759953
  -0.0696773
  -0.0630224
  -0.0561664
  -0.0492061
  -0.0422066
  -0.0352076
  -0.0282308
   -0.021284
   -0.014366
 -0.00746847
-0.000578446
  0.00632063
   0.0132479
   0.0202242
   0.0272722
    0.034415
   0.0416767
   0.0490817
   0.0566541
   0.0644184
   0.0723983
   0.0806177
   0.0891004
   0.0978705
    0.106953
    0.116377
    0.126173
     0.13638
    0.147047
    0.158237
    0.170036
     0.18256
    0.195969
    0.210482
    0.226409
    0.244177
    0.264384
    0.287849
    0.315651
    0.349028
    0.388733
    0.432595
    0.469069
    0.471243
    0.417725
    0.322175
      0.2238
     0.14439
   0.0851455
   0.0412734
   0.0082188
  -0.0172719
   -0.037374
  -0.0535319
  -0.0667161
  -0.0775908
  -0.0866196
   -0.094133
   -0.100371
   -0.105512
   -0.109693
   -0.113019
   -0.115577
   -0.117438
   -0.118664
   -0.119309
   -0.119422
    -0.11905
   -0.118235
   -0.117017
   -0.115434
   -0.113522
   -0.111313
   -0.108836
   -0.106116
   -0.103176
   -0.100033
  -0.0967027
  -0.0931936
  -0.0895132
  -0.0856658
   -0.081655
  -0.0774859
   -0.073168
  -0.0687199
  -0.0641747
  -0.0595859
  -0.0550349
  -0.0506355
  -0.0465367
  -0.0429167
   -0.039969
  -0.0378786
  -0.0367925
           0
  -0.0108714
