  -0.134609
  -0.133442
  -0.131179
  -0.127944
  -0.123885
  -0.119155
  -0.113886
  -0.108186
  -0.102134
 -0.0957893
 -0.0891895
 -0.0823605
 -0.0753183
 -0.0680724
  -0.060628
 -0.0529871
 -0.0451498
 -0.0371145
 -0.0288782
 -0.0204371
 -0.0117865
-0.00292113
 0.00616489
  0.0154776
  0.0250234
  0.0348085
  0.0448394
  0.0551227
  0.0656652
  0.0764748
  0.0875608
  0.0989353
   0.110615
   0.122623
   0.134992
   0.147772
   0.161029
   0.174862
   0.189411
   0.204872
   0.221521
   0.239749
     0.2601
   0.283318
   0.310372
   0.342344
   0.379773
   0.420276
   0.452418
    0.45042
   0.394824
   0.299921
   0.203867
   0.127183
  0.0705495
  0.0290918
-0.00169786
 -0.0250098
 -0.0429682
 -0.0569811
 -0.0679952
 -0.0766603
 -0.0834325
 -0.0886396
 -0.0925226
 -0.0952641
 -0.0970059
 -0.0978621
 -0.0979276
  -0.097284
 -0.0960038
 -0.0941535
  -0.091795
 -0.0889875
 -0.0857876
 -0.0822499
 -0.0784269
 -0.0743691
 -0.0701244
 -0.0657376
 -0.0612503
 -0.0567001
 -0.0521204
 -0.0475398
 -0.0429823
 -0.0384669
 -0.0340082
 -0.0296167
 -0.0253006
 -0.0210673
 -0.0169261
 -0.0128923
-0.00899137
-0.00526453
-0.00177318
 0.00139851
 0.00414553
 0.00635058
 0.00789921
 0.00869933
          0
 -0.0177331
