  -0.0797723
  -0.0782376
  -0.0752803
  -0.0710998
   -0.065943
  -0.0600643
  -0.0536954
  -0.0470285
  -0.0402115
   -0.033351
  -0.0265186
  -0.0197585
  -0.0130942
 -0.00653366
-7.40211e-05
   0.0062957
   0.0125923
   0.0188367
   0.0250531
    0.031268
   0.0375095
   0.0438071
   0.0501909
   0.0566915
   0.0633395
   0.0701655
   0.0771998
   0.0844722
   0.0920127
   0.0998515
     0.10802
    0.116552
    0.125485
    0.134863
    0.144742
    0.155191
    0.166301
    0.178196
    0.191043
    0.205074
    0.220608
     0.23809
    0.258141
    0.281617
    0.309653
     0.34358
    0.384309
    0.429908
    0.469088
    0.474802
    0.424695
    0.331524
    0.234254
    0.155116
   0.0957166
   0.0514753
   0.0179292
  -0.0081348
  -0.0288739
  -0.0457233
  -0.0596484
  -0.0713095
  -0.0811671
  -0.0895484
    -0.09669
   -0.102767
   -0.107911
   -0.112225
   -0.115791
   -0.118674
   -0.120933
   -0.122616
   -0.123767
   -0.124429
   -0.124637
   -0.124426
    -0.12383
   -0.122877
   -0.121595
   -0.120006
   -0.118132
    -0.11599
   -0.113592
   -0.110947
   -0.108063
   -0.104942
   -0.101585
  -0.0979959
  -0.0941777
  -0.0901411
  -0.0859071
  -0.0815128
  -0.0770179
  -0.0725118
  -0.0681183
  -0.0639973
  -0.0603394
  -0.0573501
   -0.055225
  -0.0541193
           0
  -0.0079824
