   0.0405333
   0.0410214
   0.0419402
   0.0431851
   0.0446228
   0.0461101
    0.047511
   0.0487079
   0.0496066
   0.0501376
   0.0502544
   0.0499305
   0.0491562
   0.0479361
   0.0462861
   0.0442322
   0.0418081
   0.0390549
    0.036019
    0.032752
   0.0293096
   0.0257509
   0.0221377
    0.018534
   0.0150053
   0.0116181
  0.00844001
  0.00553881
  0.00298304
 0.000842066
-0.000813227
 -0.00190931
 -0.00236821
 -0.00210492
 -0.00102355
 0.000988107
  0.00406627
  0.00838233
    0.014159
   0.0216939
   0.0313954
   0.0438368
   0.0598397
   0.0806019
    0.107882
    0.144215
    0.192909
    0.256741
    0.332142
    0.397742
    0.421461
    0.397027
    0.348191
    0.298457
    0.255999
    0.221176
    0.192407
    0.168085
    0.146973
     0.12818
    0.111085
   0.0952528
   0.0803817
    0.066261
   0.0527447
   0.0397327
    0.027157
   0.0149726
  0.00315123
 -0.00832413
  -0.0194621
  -0.0302657
  -0.0407337
  -0.0508621
  -0.0606449
  -0.0700743
  -0.0791414
  -0.0878359
  -0.0961465
   -0.104061
   -0.111565
   -0.118644
   -0.125281
   -0.131461
   -0.137164
   -0.142372
   -0.147068
   -0.151236
    -0.15486
   -0.157932
    -0.16045
   -0.162421
   -0.163866
   -0.164823
   -0.165353
   -0.165538
   -0.165479
    -0.16529
   -0.165086
   -0.164958
           0
   0.0201288
