  0.0223139
  0.0233394
   0.025298
  0.0280228
  0.0313015
  0.0349088
  0.0386323
  0.0422896
  0.0457357
  0.0488634
     0.0516
  0.0539017
  0.0557485
  0.0571389
  0.0580861
  0.0586152
    0.05876
   0.058562
  0.0580684
  0.0573311
  0.0564056
  0.0553505
  0.0542265
  0.0530959
  0.0520218
  0.0510681
  0.0502988
  0.0497778
  0.0495692
  0.0497376
  0.0503486
    0.05147
  0.0531736
   0.055538
  0.0586523
  0.0626213
   0.067573
  0.0736697
  0.0811229
  0.0902157
   0.101336
   0.115023
   0.132046
   0.153501
   0.180959
   0.216572
   0.262862
   0.321001
   0.384675
   0.430212
   0.428436
   0.379589
   0.313024
   0.252107
   0.202834
   0.163845
   0.132534
   0.106717
  0.0848192
  0.0657526
  0.0487702
  0.0333571
   0.019156
 0.00591746
-0.00653306
  -0.018318
  -0.029523
 -0.0402077
 -0.0504132
 -0.0601675
 -0.0694894
  -0.078391
 -0.0868794
 -0.0949586
  -0.102629
  -0.109891
   -0.11674
  -0.123173
  -0.129181
  -0.134757
  -0.139892
  -0.144572
  -0.148785
  -0.152515
  -0.155746
  -0.158464
  -0.160652
  -0.162298
  -0.163393
  -0.163938
  -0.163943
  -0.163435
  -0.162461
  -0.161098
  -0.159452
  -0.157664
  -0.155904
  -0.154356
  -0.153202
  -0.152584
          0
  0.0142952
