   0.0415726
   0.0418447
   0.0423473
    0.043005
   0.0437207
   0.0443895
   0.0449112
   0.0451982
   0.0451798
   0.0448035
   0.0440342
   0.0428524
   0.0412521
   0.0392393
     0.03683
   0.0340487
   0.0309278
   0.0275061
   0.0238283
   0.0199437
   0.0159063
   0.0117734
  0.00760533
  0.00346471
-0.000583996
 -0.00447499
 -0.00814152
   -0.011516
  -0.0145302
  -0.0171145
   -0.019198
  -0.0207065
  -0.0215614
  -0.0216767
  -0.0209555
  -0.0192838
  -0.0165237
   -0.012501
 -0.00698954
 0.000313456
  0.00982408
   0.0221279
   0.0380671
   0.0588758
   0.0863795
    0.123242
    0.173027
    0.239007
    0.318418
     0.39045
    0.421965
    0.404711
    0.360918
    0.314278
     0.27367
     0.23997
    0.211892
    0.187994
    0.167128
    0.148459
    0.131397
    0.115528
    0.100564
   0.0863035
   0.0726068
   0.0593787
   0.0465548
   0.0340931
   0.0219672
   0.0101621
 -0.00132962
  -0.0125097
  -0.0233763
  -0.0339246
  -0.0441483
  -0.0540394
   -0.063589
  -0.0727872
   -0.081623
  -0.0900845
  -0.0981588
   -0.105832
   -0.113089
   -0.119914
   -0.126289
   -0.132199
   -0.137625
   -0.142552
   -0.146965
   -0.150853
   -0.154209
   -0.157035
   -0.159341
   -0.161152
   -0.162506
   -0.163456
   -0.164074
   -0.164438
   -0.164626
   -0.164702
           0
   0.0210361
