 -0.0369746
 -0.0357046
  -0.033297
 -0.0299841
 -0.0260466
 -0.0217646
 -0.0173823
 -0.0130916
-0.00902973
-0.00528521
-0.00190757
 0.00108334
 0.00368912
 0.00592654
 0.00782289
 0.00941274
  0.0107356
  0.0118346
  0.0127552
  0.0135444
  0.0142507
   0.014923
   0.015611
   0.016364
  0.0172317
  0.0182632
  0.0195071
   0.021012
   0.022826
  0.0249977
  0.0275765
  0.0306141
  0.0341663
   0.038295
  0.0430723
  0.0485853
  0.0549429
  0.0622861
  0.0708018
  0.0807438
  0.0924627
   0.106451
   0.123411
    0.14435
   0.170706
   0.204449
   0.247863
   0.301927
   0.360593
   0.401739
   0.398508
   0.351612
   0.288778
   0.231754
   0.185978
   0.150072
   0.121543
  0.0983173
  0.0789037
  0.0622725
  0.0477153
  0.0347413
  0.0230079
  0.0122732
 0.00236524
-0.00683953
 -0.0154306
 -0.0234733
 -0.0310162
 -0.0380958
   -0.04474
  -0.050971
  -0.056806
 -0.0622595
 -0.0673428
  -0.072065
  -0.076433
 -0.0804513
  -0.084122
 -0.0874446
 -0.0904157
 -0.0930291
 -0.0952757
  -0.097144
 -0.0986202
 -0.0996893
  -0.100337
   -0.10055
   -0.10032
 -0.0996494
 -0.0985508
 -0.0970571
 -0.0952256
 -0.0931436
 -0.0909299
 -0.0887314
 -0.0867115
 -0.0850312
 -0.0838286
 -0.0832021
          0
  -0.009903
