-0.00113749
0.000143327
 0.00259906
 0.00603895
  0.0102218
  0.0148928
   0.019813
  0.0247784
  0.0296271
  0.0342398
  0.0385348
  0.0424623
  0.0459975
  0.0491352
  0.0518858
  0.0542711
  0.0563219
  0.0580764
  0.0595778
   0.060874
  0.0620161
  0.0630575
  0.0640537
  0.0650612
  0.0661373
  0.0673394
   0.068725
  0.0703513
  0.0722756
  0.0745552
  0.0772485
  0.0804162
  0.0841227
  0.0884391
  0.0934472
   0.099244
    0.10595
   0.113719
   0.122754
   0.133326
   0.145808
   0.160719
   0.178792
    0.20106
   0.228972
   0.264437
   0.309464
   0.364177
   0.420436
   0.452989
   0.434489
   0.369481
   0.291115
    0.22276
   0.169001
   0.127345
  0.0945032
  0.0678986
  0.0457313
  0.0267767
  0.0102014
-0.00456647
  -0.017924
 -0.0301493
 -0.0414392
 -0.0519337
 -0.0617333
 -0.0709106
 -0.0795185
 -0.0875957
 -0.0951712
  -0.102267
  -0.108899
  -0.115081
  -0.120822
  -0.126131
  -0.131011
  -0.135466
  -0.139497
  -0.143103
  -0.146279
  -0.149021
  -0.151319
  -0.153165
  -0.154546
  -0.155452
  -0.155872
  -0.155797
  -0.155225
  -0.154161
  -0.152623
  -0.150647
  -0.148294
  -0.145654
  -0.142853
  -0.140052
  -0.137443
  -0.135236
   -0.13363
  -0.132782
          0
 0.00840964
