  0.0115632
  0.0127268
  0.0149539
   0.018064
  0.0218285
  0.0260049
  0.0303653
  0.0347145
  0.0388973
  0.0427992
  0.0463421
  0.0494786
  0.0521858
  0.0544605
  0.0563143
  0.0577709
  0.0588629
  0.0596303
  0.0601189
  0.0603788
  0.0604638
  0.0604303
  0.0603369
  0.0602433
  0.0602102
  0.0602987
  0.0605698
  0.0610847
  0.0619042
  0.0630898
  0.0647038
  0.0668107
   0.069479
  0.0727839
  0.0768109
  0.0816615
  0.0874601
   0.094365
   0.102583
   0.112393
   0.124175
   0.138459
   0.155994
   0.177848
   0.205529
   0.241068
   0.286726
   0.343145
   0.403078
   0.442034
   0.431751
   0.374656
   0.302046
   0.237303
   0.185705
   0.145319
   0.113189
  0.0869304
  0.0648527
  0.0457984
  0.0289764
  0.0138426
1.96155e-05
 -0.0127566
 -0.0246717
 -0.0358568
 -0.0464051
 -0.0563823
 -0.0658353
 -0.0747973
 -0.0832919
 -0.0913357
 -0.0989406
  -0.106114
  -0.112862
  -0.119187
   -0.12509
  -0.130569
  -0.135621
  -0.140241
  -0.144423
  -0.148155
  -0.151429
   -0.15423
  -0.156545
  -0.158361
  -0.159664
  -0.160443
  -0.160694
  -0.160418
  -0.159631
  -0.158365
  -0.156673
  -0.154641
  -0.152386
  -0.150061
  -0.147849
  -0.145948
   -0.14455
  -0.143809
          0
  0.0114964
