     0.02948
   0.0290636
   0.0282469
   0.0270577
   0.0255293
   0.0236939
   0.0215774
   0.0191977
   0.0165653
   0.0136847
   0.0105581
  0.00718713
  0.00357554
-0.000269395
 -0.00433582
 -0.00860661
  -0.0130591
  -0.0176653
  -0.0223915
  -0.0271993
  -0.0320455
  -0.0368829
  -0.0416607
  -0.0463251
  -0.0508196
  -0.0550857
  -0.0590634
  -0.0626906
  -0.0659043
  -0.0686392
  -0.0708276
  -0.0723983
  -0.0732742
  -0.0733702
  -0.0725889
  -0.0708147
  -0.0679057
  -0.0636815
  -0.0579057
  -0.0502595
  -0.0403015
   -0.027406
  -0.0106646
   0.0112681
    0.040414
   0.0797927
    0.133632
    0.206387
    0.296988
    0.385296
    0.434944
    0.433104
    0.399312
    0.358359
     0.32093
    0.289064
    0.262089
     0.23888
    0.218456
    0.200075
    0.183199
    0.167444
    0.152539
    0.138296
    0.124581
    0.111302
   0.0983973
   0.0858249
   0.0735576
   0.0615788
   0.0498786
    0.038452
   0.0272971
    0.016414
  0.00580381
 -0.00453134
   -0.014589
  -0.0243662
  -0.0338598
  -0.0430659
  -0.0519804
  -0.0605984
  -0.0689141
  -0.0769213
  -0.0846127
  -0.0919803
  -0.0990153
   -0.105708
   -0.112048
   -0.118023
   -0.123621
   -0.128825
   -0.133615
   -0.137967
   -0.141846
   -0.145211
    -0.14801
   -0.150183
   -0.151674
   -0.152433
           0
   0.0205406
