 0.00901945
 0.00821874
 0.00666896
 0.00446232
 0.00171332
 -0.0014606
-0.00495437
-0.00868374
 -0.0125873
 -0.0166237
 -0.0207675
 -0.0250035
 -0.0293222
 -0.0337163
 -0.0381776
 -0.0426955
 -0.0472555
 -0.0518386
 -0.0564207
 -0.0609733
 -0.0654629
  -0.069852
 -0.0740989
 -0.0781589
  -0.081984
 -0.0855238
 -0.0887257
 -0.0915351
 -0.0938955
 -0.0957477
 -0.0970297
  -0.097675
 -0.0976113
 -0.0967568
 -0.0950167
 -0.0922769
 -0.0883956
 -0.0831904
 -0.0764202
 -0.0677573
 -0.0567457
 -0.0427359
 -0.0247813
-0.00147446
  0.0293079
  0.0707545
    0.12737
   0.204024
   0.300028
   0.394857
   0.450369
   0.452296
   0.420106
   0.379575
    0.34213
   0.310148
   0.283087
   0.259865
   0.239512
   0.221281
   0.204629
   0.189167
   0.174617
   0.160782
   0.147523
   0.134742
   0.122371
   0.110362
  0.0986806
  0.0873046
  0.0762171
   0.065406
  0.0548619
   0.044577
  0.0345444
  0.0247576
  0.0152101
 0.00589551
-0.00319236
 -0.0120596
 -0.0207122
 -0.0291552
 -0.0373935
 -0.0454308
 -0.0532702
 -0.0609131
 -0.0683596
 -0.0756077
  -0.082652
 -0.0894832
 -0.0960851
  -0.102432
  -0.108486
  -0.114189
   -0.11946
  -0.124192
  -0.128251
  -0.131489
  -0.133753
   -0.13492
          0
  0.0178389
