 -0.0712842
 -0.0723811
 -0.0744858
 -0.0774381
 -0.0810357
 -0.0850657
 -0.0893302
  -0.093662
 -0.0979308
  -0.102042
  -0.105932
  -0.109561
  -0.112907
  -0.115958
   -0.11871
  -0.121165
  -0.123322
  -0.125182
  -0.126741
  -0.127996
  -0.128938
  -0.129555
  -0.129832
   -0.12975
  -0.129289
  -0.128424
  -0.127129
  -0.125374
  -0.123129
  -0.120357
  -0.117019
  -0.113072
  -0.108464
  -0.103134
 -0.0970035
 -0.0899765
 -0.0819255
 -0.0726805
 -0.0620098
  -0.049592
 -0.0349736
 -0.0175027
 0.00377278
  0.0302669
  0.0640985
   0.108407
   0.167506
    0.24568
   0.340822
   0.430308
   0.475757
   0.465634
   0.423326
   0.375848
   0.334084
   0.299649
   0.271446
   0.248036
   0.228221
   0.211107
    0.19605
   0.182587
   0.170386
   0.159206
   0.148872
   0.139254
   0.130253
   0.121793
   0.113814
   0.106266
  0.0991048
  0.0922906
  0.0857863
  0.0795557
  0.0735627
  0.0677712
  0.0621447
  0.0566464
  0.0512396
  0.0458876
  0.0405542
  0.0352043
  0.0298042
  0.0243222
  0.0187294
  0.0130007
 0.00711593
 0.00106163
-0.00516654
 -0.0115605
 -0.0180951
 -0.0247229
 -0.0313668
 -0.0379127
 -0.0442036
 -0.0500374
 -0.0551721
 -0.0593443
 -0.0622999
 -0.0638348
          0
 0.00497261
