  0.0360335
  0.0358441
  0.0354613
   0.034877
  0.0340796
  0.0330536
  0.0317817
  0.0302453
  0.0284272
  0.0263127
  0.0238913
  0.0211578
   0.018113
  0.0147641
  0.0111248
 0.00721544
 0.00306234
 -0.0013021
-0.00584002
 -0.0105085
 -0.0152602
 -0.0200437
 -0.0248044
 -0.0294847
 -0.0340249
 -0.0383632
 -0.0424366
 -0.0461806
 -0.0495296
 -0.0524162
  -0.054771
 -0.0565211
 -0.0575882
 -0.0578865
  -0.057318
 -0.0557673
 -0.0530933
 -0.0491174
 -0.0436065
  -0.036247
  -0.026606
 -0.0140714
 0.00224325
   0.023647
  0.0520991
  0.0905096
    0.14291
   0.213427
   0.300562
   0.384134
   0.428825
   0.423051
   0.386901
   0.344722
   0.306669
    0.27447
   0.247303
    0.22397
   0.203453
   0.184993
   0.168041
   0.152211
   0.137229
   0.122906
   0.109107
  0.0957429
  0.0827511
  0.0700913
  0.0577379
   0.045676
  0.0338976
  0.0223999
  0.0111833
0.000250353
 -0.0103949
 -0.0207474
 -0.0308015
  -0.040551
 -0.0499891
 -0.0591082
 -0.0679003
 -0.0763564
 -0.0844669
 -0.0922211
 -0.0996079
  -0.106615
   -0.11323
  -0.119441
  -0.125233
  -0.130597
  -0.135518
  -0.139988
  -0.143996
  -0.147533
   -0.15059
   -0.15316
  -0.155234
    -0.1568
  -0.157852
   -0.15838
          0
  0.0212179
