 -0.0413341
 -0.0398315
 -0.0369716
 -0.0330089
 -0.0282518
  -0.023008
 -0.0175475
 -0.0120838
-0.00677171
-0.00171403
 0.00302855
 0.00742717
  0.0114761
   0.015186
  0.0185787
  0.0216841
  0.0245373
   0.027177
  0.0296446
   0.031983
  0.0342363
  0.0364493
  0.0386668
   0.040934
  0.0432955
  0.0457954
  0.0484775
  0.0513849
  0.0545602
  0.0580462
  0.0618865
  0.0661263
  0.0708147
  0.0760062
  0.0817647
  0.0881678
  0.0953135
   0.103329
   0.112383
   0.122706
   0.134614
   0.148551
    0.16514
   0.185265
   0.210154
   0.241405
    0.28064
   0.327702
   0.375046
   0.400283
   0.380068
   0.319457
   0.248329
   0.187074
   0.139345
   0.102687
   0.074064
  0.0511303
  0.0322585
  0.0163446
  0.0026378
-0.00937794
 -0.0200619
 -0.0296676
 -0.0383758
 -0.0463173
 -0.0535879
 -0.0602585
  -0.066383
 -0.0720028
 -0.0771507
 -0.0818533
 -0.0861326
  -0.090007
 -0.0934924
 -0.0966019
 -0.0993465
  -0.101735
  -0.103772
  -0.105463
  -0.106808
  -0.107805
  -0.108448
  -0.108732
  -0.108646
   -0.10818
  -0.107325
  -0.106074
  -0.104425
  -0.102384
 -0.0999718
   -0.09723
 -0.0942245
 -0.0910535
 -0.0878495
 -0.0847758
 -0.0820156
 -0.0797521
 -0.0781452
 -0.0773114
          0
-0.00692984
