-0.00454257
-0.00548021
-0.00729046
-0.00985681
 -0.0130338
  -0.016671
 -0.0206321
  -0.024806
 -0.0291099
 -0.0334869
 -0.0379006
 -0.0423295
  -0.046761
 -0.0511872
 -0.0556015
  -0.059996
 -0.0643599
 -0.0686785
 -0.0729328
  -0.077099
 -0.0811491
 -0.0850505
 -0.0887668
 -0.0922581
 -0.0954816
 -0.0983915
   -0.10094
  -0.103076
  -0.104748
  -0.105901
  -0.106476
   -0.10641
  -0.105634
  -0.104069
  -0.101622
 -0.0981818
 -0.0936064
 -0.0877142
 -0.0802629
 -0.0709223
 -0.0592313
  -0.044532
 -0.0258642
-0.00179899
    0.02982
  0.0722315
    0.13001
    0.20809
   0.305748
   0.402085
   0.458347
   0.460106
   0.427256
   0.386036
   0.348053
   0.315708
   0.288436
   0.265129
   0.244793
   0.226665
   0.210189
   0.194965
   0.180707
   0.167212
   0.154334
   0.141972
    0.13005
   0.118518
   0.107336
  0.0964774
  0.0859207
  0.0756491
  0.0656484
  0.0559058
  0.0464092
  0.0371467
  0.0281065
  0.0192766
  0.0106451
 0.00219992
-0.00607039
 -0.0141771
 -0.0221306
 -0.0299405
 -0.0376151
 -0.0451612
 -0.0525833
 -0.0598832
 -0.0670582
 -0.0740996
 -0.0809898
 -0.0876986
 -0.0941777
  -0.100355
  -0.106129
  -0.111365
  -0.115894
  -0.119529
  -0.122084
  -0.123405
          0
  0.0158907
