   0.0204392
    0.019815
   0.0186016
   0.0168612
   0.0146701
   0.0121056
  0.00923555
   0.0061126
  0.00277374
-0.000757415
 -0.00446679
 -0.00834584
   -0.012388
  -0.0165862
  -0.0209304
  -0.0254067
  -0.0299968
  -0.0346769
  -0.0394182
  -0.0441871
  -0.0489452
  -0.0536498
  -0.0582546
    -0.06271
  -0.0669635
  -0.0709605
  -0.0746444
  -0.0779566
  -0.0808368
  -0.0832227
  -0.0850491
  -0.0862468
  -0.0867408
  -0.0864473
  -0.0852699
  -0.0830936
   -0.079776
  -0.0751354
  -0.0689328
  -0.0608444
   -0.050421
  -0.0370242
  -0.0197251
  0.00285543
   0.0327947
   0.0732069
     0.12848
     0.20332
    0.296927
    0.389039
     0.44233
    0.443067
    0.410588
    0.370172
    0.332933
    0.301127
    0.274178
    0.250999
    0.230624
    0.212315
    0.195535
    0.179899
    0.165136
    0.151053
    0.137517
    0.124431
    0.111733
   0.0993765
    0.087333
   0.0755827
   0.0641128
   0.0529152
   0.0419848
   0.0313179
   0.0209123
    0.010766
 0.000877386
 -0.00875479
  -0.0181317
  -0.0272542
  -0.0361228
  -0.0447373
   -0.053097
  -0.0612003
  -0.0690449
  -0.0766274
  -0.0839433
  -0.0909865
  -0.0977491
   -0.104221
   -0.110386
   -0.116225
   -0.121708
   -0.126793
   -0.131423
   -0.135522
   -0.138995
   -0.141737
    -0.14364
   -0.144616
           0
    0.019401
