  -0.158713
  -0.159188
  -0.160065
  -0.161211
  -0.162464
  -0.163656
  -0.164635
  -0.165276
  -0.165485
  -0.165197
  -0.164372
  -0.162989
  -0.161043
  -0.158536
  -0.155479
  -0.151887
  -0.147776
  -0.143164
  -0.138068
  -0.132505
   -0.12649
  -0.120037
  -0.113157
  -0.105863
 -0.0981621
 -0.0900627
 -0.0815707
 -0.0726901
 -0.0634234
 -0.0537702
 -0.0437269
 -0.0332854
 -0.0224311
 -0.0111407
0.000622018
  0.0129108
  0.0258044
   0.039417
  0.0539124
  0.0695257
  0.0865944
   0.105604
   0.127258
   0.152573
   0.183006
   0.220539
   0.267423
   0.324428
   0.384824
   0.425244
   0.418311
   0.366011
   0.298464
   0.238514
   0.191522
   0.155771
   0.128476
   0.107356
  0.0907804
  0.0776178
   0.067084
  0.0586276
  0.0518543
   0.046476
  0.0422772
  0.0390923
  0.0367901
  0.0352628
  0.0344184
  0.0341757
  0.0344599
  0.0352008
  0.0363301
   0.037781
   0.039487
   0.041382
     0.0434
  0.0454754
  0.0475432
  0.0495396
  0.0514027
  0.0530728
  0.0544933
  0.0556115
  0.0563795
  0.0567553
  0.0567041
  0.0562003
  0.0552291
    0.05379
  0.0518999
  0.0495978
  0.0469493
  0.0440515
  0.0410359
   0.038068
  0.0353397
  0.0330545
  0.0314034
  0.0305364
          0
  -0.016616
