  -0.152278
  -0.152896
  -0.154051
    -0.1556
  -0.157363
  -0.159153
  -0.160802
  -0.162167
  -0.163143
  -0.163655
  -0.163652
   -0.16311
  -0.162017
  -0.160374
  -0.158189
  -0.155474
  -0.152245
  -0.148518
  -0.144307
   -0.13963
  -0.134498
  -0.128923
  -0.122917
  -0.116487
   -0.10964
   -0.10238
 -0.0947113
  -0.086634
 -0.0781473
 -0.0692475
 -0.0599272
 -0.0501745
 -0.0399706
 -0.0292874
 -0.0180839
-0.00630043
 0.00614858
  0.0193855
   0.033585
  0.0489962
  0.0659765
  0.0850407
   0.106935
   0.132748
   0.164052
   0.203032
    0.25229
    0.31318
   0.379699
   0.428477
   0.430174
   0.384568
   0.320848
   0.262681
   0.216376
   0.180752
   0.153288
   0.131828
   0.114802
   0.101111
  0.0899893
  0.0808945
  0.0734395
  0.0673412
  0.0623878
  0.0584173
  0.0553015
  0.0529355
  0.0512303
  0.0501073
  0.0494947
  0.0493246
  0.0495314
  0.0500506
  0.0508181
  0.0517699
   0.052842
  0.0539706
  0.0550925
  0.0561455
  0.0570687
  0.0578038
  0.0582951
  0.0584906
  0.0583434
  0.0578118
  0.0568621
  0.0554691
  0.0536198
  0.0513155
  0.0485763
  0.0454461
  0.0419977
  0.0383382
  0.0346126
  0.0310034
  0.0277232
  0.0249972
  0.0230378
  0.0220119
          0
  -0.014196
