  -0.104564
  -0.105573
  -0.107501
  -0.110184
  -0.113416
   -0.11698
  -0.120675
  -0.124329
   -0.12781
  -0.131021
  -0.133895
  -0.136391
  -0.138488
  -0.140176
  -0.141452
  -0.142322
  -0.142791
  -0.142865
  -0.142549
  -0.141846
  -0.140755
  -0.139276
  -0.137403
  -0.135128
   -0.13244
  -0.129327
  -0.125773
  -0.121761
  -0.117269
  -0.112275
   -0.10675
  -0.100662
 -0.0939694
 -0.0866229
  -0.078557
 -0.0696859
 -0.0598946
 -0.0490265
 -0.0368648
 -0.0231061
-0.00731982
  0.0111139
  0.0331001
  0.0599769
   0.093734
   0.137277
   0.194484
   0.268846
   0.357092
   0.436055
   0.469443
   0.448859
   0.399739
   0.348528
   0.304934
   0.269783
   0.241544
   0.218548
    0.19947
   0.183342
   0.169473
   0.157369
   0.146676
   0.137136
   0.128558
   0.120799
   0.113749
    0.10732
    0.10144
  0.0960482
  0.0910893
  0.0865125
  0.0822689
  0.0783109
  0.0745909
  0.0710612
  0.0676738
  0.0643806
  0.0611333
  0.0578842
  0.0545864
  0.0511944
  0.0476646
  0.0439563
  0.0400323
  0.0358602
   0.031414
  0.0266756
  0.0216379
  0.0163083
  0.0107133
 0.00490398
 -0.0010366
-0.00698688
 -0.0127813
 -0.0182092
 -0.0230222
  -0.026953
 -0.0297465
 -0.0311998
          0
-0.00166574
