 -0.0635749
 -0.0620408
 -0.0590868
 -0.0549169
  -0.049785
 -0.0439543
 -0.0376665
 -0.0311239
 -0.0244832
 -0.0178584
 -0.0113267
-0.00493553
 0.00129003
 0.00734189
  0.0132244
  0.0189509
  0.0245417
  0.0300218
  0.0354202
  0.0407685
  0.0461003
   0.051451
  0.0568565
  0.0623536
   0.067979
  0.0737696
  0.0797618
  0.0859917
  0.0924954
  0.0993091
    0.10647
   0.114018
   0.121997
   0.130457
   0.139458
   0.149076
   0.159411
   0.170591
   0.182792
   0.196256
   0.211314
   0.228428
   0.248244
   0.271655
   0.299858
   0.334291
    0.37605
   0.423515
   0.465797
   0.475869
   0.430353
   0.340801
   0.245607
   0.167399
   0.108278
  0.0639548
  0.0301125
 0.00361035
 -0.0176714
 -0.0351474
 -0.0497702
 -0.0621917
 -0.0728658
 -0.0821139
 -0.0901678
 -0.0971975
   -0.10333
  -0.108664
  -0.113274
  -0.117223
  -0.120563
  -0.123337
  -0.125585
  -0.127342
  -0.128639
  -0.129507
   -0.12997
  -0.130054
   -0.12978
  -0.129166
  -0.128227
  -0.126974
  -0.125417
  -0.123561
  -0.121407
  -0.118955
  -0.116205
  -0.113158
  -0.109816
   -0.10619
  -0.102304
 -0.0981961
 -0.0939309
 -0.0896028
 -0.0853419
 -0.0813153
 -0.0777206
 -0.0747707
 -0.0726678
 -0.0715718
          0
-0.00488286
