  -0.162199
  -0.161902
  -0.161293
  -0.160339
  -0.159005
  -0.157252
   -0.15505
  -0.152373
  -0.149206
  -0.145541
  -0.141378
  -0.136721
   -0.13158
  -0.125967
  -0.119897
  -0.113384
  -0.106443
 -0.0990895
 -0.0913384
 -0.0832031
 -0.0746966
 -0.0658309
 -0.0566169
 -0.0470649
 -0.0371843
 -0.0269836
 -0.0164708
-0.00565285
 0.00546456
  0.0168772
  0.0285834
   0.040585
  0.0528889
  0.0655096
  0.0784726
  0.0918182
   0.105609
   0.119937
   0.134937
   0.150803
   0.167816
   0.186371
   0.207033
   0.230595
   0.258128
   0.290936
   0.330047
   0.374118
   0.413595
     0.4245
   0.385844
    0.30769
   0.224281
    0.15602
   0.104969
  0.0673963
  0.0394906
  0.0184607
 0.00241265
-0.00992566
 -0.0194185
 -0.0266647
 -0.0320886
 -0.0359986
 -0.0386245
 -0.0401426
 -0.0406929
 -0.0403901
  -0.039332
  -0.037605
 -0.0352877
 -0.0324539
 -0.0291744
 -0.0255178
 -0.0215516
 -0.0173421
 -0.0129547
-0.00845342
-0.00390082
0.000642606
 0.00511895
 0.00947347
  0.0136552
  0.0176174
  0.0213186
  0.0247227
  0.0278001
  0.0305279
   0.032891
  0.0348826
  0.0365051
  0.0377709
   0.038703
  0.0393354
  0.0397129
  0.0398896
   0.039926
  0.0398838
  0.0398192
  0.0397751
          0
 -0.0212975
