  -0.0798166
  -0.0782821
  -0.0753253
  -0.0711455
  -0.0659895
  -0.0601117
  -0.0537436
  -0.0470774
   -0.040261
   -0.033401
  -0.0265691
  -0.0198094
  -0.0131453
 -0.00658496
-0.000125402
  0.00624432
   0.0125409
   0.0187855
   0.0250021
   0.0312172
   0.0374591
   0.0437571
   0.0501413
   0.0566424
    0.063291
   0.0701176
   0.0771524
   0.0844255
   0.0919668
   0.0998064
    0.107976
    0.116509
    0.125443
    0.134822
    0.144702
    0.155152
    0.166264
     0.17816
    0.191009
    0.205042
    0.220578
    0.238063
    0.258117
    0.281597
    0.309638
    0.343572
     0.38431
    0.429921
    0.469118
    0.474851
    0.424758
    0.331594
    0.234323
    0.155182
   0.0957796
   0.0515352
   0.0179865
 -0.00807982
  -0.0288209
   -0.045672
  -0.0595984
  -0.0712608
  -0.0811196
  -0.0895018
  -0.0966444
   -0.102722
   -0.107867
   -0.112182
   -0.115748
   -0.118632
   -0.120891
   -0.122574
   -0.123726
   -0.124388
   -0.124596
   -0.124386
    -0.12379
   -0.122837
   -0.121555
   -0.119966
   -0.118093
   -0.115951
   -0.113553
   -0.110908
   -0.108024
   -0.104903
   -0.101547
  -0.0979583
  -0.0941405
  -0.0901044
  -0.0858709
  -0.0814772
   -0.076983
  -0.0724775
  -0.0680847
  -0.0639644
  -0.0603071
  -0.0573182
  -0.0551935
   -0.054088
           0
 -0.00799531
