   -0.152162
   -0.151404
   -0.149914
   -0.147742
   -0.144945
   -0.141582
   -0.137705
   -0.133355
   -0.128567
   -0.123366
    -0.11777
   -0.111797
   -0.105459
  -0.0987686
  -0.0917357
    -0.08437
  -0.0766805
  -0.0686752
  -0.0603612
  -0.0517449
   -0.042832
  -0.0336274
  -0.0241353
  -0.0143595
 -0.00430317
  0.00603075
   0.0166398
   0.0275219
   0.0386758
   0.0501015
    0.061801
   0.0737791
   0.0860458
   0.0986177
    0.111522
      0.1248
    0.138515
    0.152758
    0.167662
    0.183418
    0.200294
    0.218675
    0.239097
    0.262305
    0.289278
    0.321141
    0.358561
    0.399496
    0.433254
    0.435037
    0.385316
    0.296939
    0.206287
    0.133498
   0.0796382
   0.0402456
     0.01109
  -0.0108499
  -0.0275968
  -0.0404968
  -0.0504586
  -0.0581081
  -0.0638869
  -0.0681138
  -0.0710254
   -0.072802
  -0.0735856
  -0.0734919
  -0.0726182
  -0.0710498
  -0.0688635
  -0.0661308
  -0.0629193
  -0.0592942
  -0.0553188
  -0.0510549
  -0.0465626
  -0.0419006
  -0.0371251
    -0.03229
  -0.0274462
  -0.0226408
  -0.0179171
  -0.0133135
 -0.00886352
 -0.00459532
-0.000531524
  0.00331076
  0.00691966
   0.0102879
   0.0134119
   0.0162897
   0.0189195
   0.0212966
   0.0234107
   0.0252439
   0.0267703
   0.0279579
   0.0287735
   0.0291892
           0
  -0.0204459
