  -0.158105
  -0.157578
  -0.156527
  -0.154962
   -0.15289
  -0.150322
  -0.147266
  -0.143731
  -0.139725
  -0.135258
  -0.130338
  -0.124977
  -0.119187
  -0.112978
  -0.106365
 -0.0993602
 -0.0919754
  -0.084223
 -0.0761144
 -0.0676601
 -0.0588697
 -0.0497522
 -0.0403158
 -0.0305678
 -0.0205151
 -0.0101639
0.000480104
  0.0114119
  0.0226274
  0.0341242
  0.0459016
  0.0579628
  0.0703153
  0.0829745
  0.0959657
    0.10933
   0.123128
   0.137451
   0.152432
   0.168262
   0.185213
   0.203673
   0.224188
    0.24752
   0.274685
   0.306879
   0.344922
   0.387082
   0.423196
   0.428911
   0.384146
   0.300505
   0.213319
    0.14277
  0.0903488
  0.0519249
  0.0234635
 0.00205286
 -0.0142671
  -0.026806
 -0.0364506
 -0.0438132
  -0.049327
 -0.0533054
 -0.0559819
 -0.0575349
 -0.0581057
 -0.0578096
 -0.0567446
 -0.0549967
  -0.052644
 -0.0497595
 -0.0464127
 -0.0426708
 -0.0385996
 -0.0342635
 -0.0297256
 -0.0250475
 -0.0202892
  -0.015508
 -0.0107587
 -0.0060926
-0.00155714
  0.0028048
 0.00695538
  0.0108622
  0.0144989
  0.0178452
  0.0208874
  0.0236183
  0.0260372
  0.0281491
  0.0299648
  0.0314988
  0.0327685
  0.0337925
  0.0345882
  0.0351711
   0.035553
  0.0357419
          0
 -0.0211225
