  -0.109974
  -0.108543
  -0.105778
  -0.101856
 -0.0969914
 -0.0914008
 -0.0852795
 -0.0787864
 -0.0720416
 -0.0651306
 -0.0581101
 -0.0510154
 -0.0438659
 -0.0366699
 -0.0294277
 -0.0221343
 -0.0147806
-0.00735501
0.000156346
 0.00776878
  0.0154987
  0.0233634
  0.0313806
  0.0395683
  0.0479446
  0.0565274
  0.0653346
  0.0743838
  0.0836927
  0.0932796
   0.103164
   0.113369
   0.123919
   0.134849
   0.146201
   0.158033
   0.170424
   0.183483
   0.197363
   0.212274
   0.228514
   0.246494
   0.266791
   0.290193
   0.317729
   0.350561
   0.389327
   0.431692
   0.466005
   0.465629
    0.41001
   0.313381
   0.214872
   0.135821
  0.0771258
  0.0338737
 0.00147141
 -0.0233434
 -0.0427458
 -0.0581779
 -0.0706084
 -0.0807006
 -0.0889183
  -0.095593
  -0.100967
   -0.10522
  -0.108492
  -0.110893
  -0.112512
  -0.113425
  -0.113697
  -0.113387
   -0.11255
  -0.111237
  -0.109494
  -0.107369
  -0.104902
  -0.102136
 -0.0991081
 -0.0958526
 -0.0924008
 -0.0887799
 -0.0850129
 -0.0811187
 -0.0771116
 -0.0730023
 -0.0687982
 -0.0645048
 -0.0601279
 -0.0556761
 -0.0511652
 -0.0466227
 -0.0420944
 -0.0376507
  -0.033392
 -0.0294507
 -0.0259873
 -0.0231775
 -0.0211896
 -0.0201582
          0
  -0.013499
