0.00411601
0.00426742
0.00456859
0.00501628
0.00560585
0.00633148
0.00718646
0.00816356
0.00925541
 0.0104549
 0.0117557
 0.0131525
 0.0146416
  0.016221
 0.0178911
 0.0196545
 0.0215163
 0.0234844
 0.0255692
 0.0277835
 0.0301427
 0.0326642
 0.0353672
 0.0382727
 0.0414028
 0.0447809
  0.048431
  0.052378
 0.0566478
 0.0612674
 0.0662655
 0.0716736
 0.0775277
 0.0838702
 0.0907531
 0.0982428
  0.106426
  0.115418
  0.125377
  0.136519
  0.149145
  0.163676
  0.180708
  0.201078
  0.225937
  0.256751
  0.294893
  0.339769
  0.383202
  0.402561
  0.375714
  0.309454
  0.234734
  0.171583
  0.122995
 0.0860812
 0.0575704
 0.0349942
 0.0166561
0.00141156
-0.0115164
-0.0226624
   -0.0324
-0.0409951
-0.0486396
-0.0554751
-0.0616082
-0.0671209
-0.0720786
-0.0765347
 -0.080535
-0.0841196
 -0.087325
 -0.090185
 -0.092732
-0.0949967
-0.0970088
-0.0987966
 -0.100387
 -0.101806
 -0.103077
 -0.104222
 -0.105261
  -0.10621
 -0.107085
 -0.107897
 -0.108655
 -0.109367
 -0.110036
 -0.110664
 -0.111253
 -0.111799
 -0.112301
 -0.112754
 -0.113154
 -0.113496
 -0.113776
  -0.11399
 -0.114135
 -0.114207
         0
 0.0245639
