 0.0182942
 0.0184578
 0.0187828
 0.0192649
 0.0198981
 0.0206748
 0.0215861
 0.0226225
 0.0237745
 0.0250326
 0.0263883
 0.0278343
 0.0293651
 0.0309771
 0.0326695
 0.0344438
 0.0363044
 0.0382588
 0.0403171
 0.0424921
 0.0447992
 0.0472562
 0.0498828
 0.0527004
 0.0557317
 0.0590006
  0.062532
 0.0663514
 0.0704852
 0.0749608
 0.0798077
 0.0850576
 0.0907467
 0.0969173
  0.103621
  0.110924
  0.118912
  0.127697
  0.137436
  0.148338
  0.160698
  0.174925
  0.191595
  0.211514
  0.235782
  0.265768
  0.302681
  0.345645
  0.386126
  0.401462
   0.37042
  0.300846
  0.224153
  0.159987
   0.11089
 0.0737132
 0.0450566
 0.0223903
0.00398791
-0.0113103
-0.0242889
-0.0354865
-0.0452789
-0.0539326
-0.0616401
-0.0685428
-0.0747469
 -0.080334
-0.0853688
 -0.089904
-0.0939845
-0.0976494
 -0.100934
 -0.103872
 -0.106494
  -0.10883
 -0.110908
 -0.112755
 -0.114398
 -0.115862
  -0.11717
 -0.118342
 -0.119397
 -0.120354
 -0.121226
 -0.122025
 -0.122762
 -0.123443
 -0.124075
  -0.12466
 -0.125201
 -0.125696
 -0.126146
 -0.126548
   -0.1269
 -0.127198
 -0.127441
 -0.127626
  -0.12775
 -0.127813
         0
 0.0230734
