 -0.0471283
 -0.0456227
  -0.042726
 -0.0386429
 -0.0336299
 -0.0279543
 -0.0218632
 -0.0155648
-0.00922178
-0.00295312
 0.00316032
 0.00906853
  0.0147455
  0.0201833
  0.0253876
  0.0303742
  0.0351664
  0.0397931
  0.0442876
  0.0486862
  0.0530278
   0.057353
  0.0617036
   0.066122
   0.070651
  0.0753331
  0.0802108
  0.0853263
  0.0907214
  0.0964384
    0.10252
   0.109013
   0.115965
   0.123433
   0.131484
   0.140198
   0.149681
    0.16007
   0.171548
   0.184364
   0.198862
   0.215522
   0.235011
   0.258261
   0.286532
   0.321376
   0.364096
   0.413445
   0.459057
    0.47411
    0.43419
   0.349388
    0.25721
   0.180595
   0.122202
  0.0781078
  0.0441905
  0.0174121
 -0.0042912
 -0.0223016
 -0.0375517
 -0.0506797
 -0.0621295
 -0.0722148
 -0.0811604
 -0.0891303
  -0.096246
    -0.1026
  -0.108262
  -0.113289
  -0.117728
  -0.121616
  -0.124988
  -0.127872
  -0.130295
   -0.13228
  -0.133848
  -0.135018
  -0.135806
  -0.136224
  -0.136282
  -0.135987
  -0.135344
  -0.134353
  -0.133012
  -0.131319
  -0.129271
  -0.126865
  -0.124104
  -0.120999
  -0.117573
  -0.113867
  -0.109947
  -0.105909
  -0.101887
 -0.0980521
 -0.0946045
 -0.0917608
 -0.0897265
 -0.0886641
          0
-0.00160858
