  -0.0107747
  -0.0106423
  -0.0103788
 -0.00998667
 -0.00946967
 -0.00883233
  -0.0080799
 -0.00721797
 -0.00625222
 -0.00518795
  -0.0040298
 -0.00278134
 -0.00144468
-2.02017e-05
  0.00149376
  0.00310111
  0.00480818
  0.00662377
  0.00855918
   0.0106281
   0.0128465
   0.0152325
   0.0178058
   0.0205879
   0.0236016
   0.0268705
   0.0304193
   0.0342734
   0.0384593
   0.0430046
   0.0479389
   0.0532946
   0.0591087
   0.0654249
   0.0722971
   0.0797937
   0.0880042
   0.0970484
    0.107089
     0.11835
    0.131143
    0.145909
    0.163269
    0.184108
    0.209656
    0.241519
    0.281327
    0.328928
    0.376751
    0.402316
    0.382181
    0.321441
     0.25016
    0.188867
    0.141245
    0.104835
   0.0765825
   0.0541283
   0.0358328
   0.0205814
  0.00761423
 -0.00359329
  -0.0134088
  -0.0220941
  -0.0298386
  -0.0367821
  -0.0430298
  -0.0486629
  -0.0537457
  -0.0583315
  -0.0624652
  -0.0661868
  -0.0695324
   -0.072536
  -0.0752295
  -0.0776437
  -0.0798081
  -0.0817512
  -0.0834998
  -0.0850795
  -0.0865137
  -0.0878241
  -0.0890299
  -0.0901476
  -0.0911912
   -0.092172
  -0.0930983
  -0.0939756
  -0.0948071
  -0.0955933
  -0.0963328
  -0.0970222
  -0.0976569
  -0.0982313
  -0.0987392
  -0.0991743
  -0.0995307
   -0.099803
  -0.0999871
    -0.10008
           0
     0.02269
