 -0.0283003
 -0.0281939
  -0.027982
 -0.0276666
 -0.0272504
  -0.026737
 -0.0261302
 -0.0254341
 -0.0246527
 -0.0237896
 -0.0228476
 -0.0218286
 -0.0207328
  -0.019559
 -0.0183038
 -0.0169616
 -0.0155247
 -0.0139828
 -0.0123232
 -0.0105309
 -0.0085888
-0.00647757
-0.00417624
-0.00166225
 0.00108824
 0.00410011
 0.00739918
  0.0110121
  0.0149667
  0.0192918
  0.0240187
  0.0291813
  0.0348187
  0.0409767
  0.0477117
  0.0550954
  0.0632213
  0.0722141
  0.0822437
  0.0935441
   0.106442
     0.1214
   0.139076
   0.160412
   0.186742
   0.219856
   0.261726
   0.312802
   0.366366
   0.400246
   0.389312
   0.336329
   0.270019
   0.211497
   0.165371
    0.12977
   0.101951
  0.0797136
   0.061502
  0.0462482
  0.0332188
  0.0219054
  0.0119507
 0.00309982
-0.00483207
 -0.0119811
 -0.0184498
 -0.0243171
 -0.0296457
 -0.0344871
 -0.0388851
 -0.0428782
 -0.0465019
 -0.0497887
   -0.05277
 -0.0554757
 -0.0579345
  -0.060174
 -0.0622205
 -0.0640986
  -0.065831
 -0.0674384
 -0.0689392
 -0.0703488
 -0.0716801
  -0.072943
 -0.0741445
 -0.0752887
  -0.076377
 -0.0774083
 -0.0783791
 -0.0792844
 -0.0801174
 -0.0808707
 -0.0815361
 -0.0821056
 -0.0825716
 -0.0829275
 -0.0831678
  -0.083289
          0
  0.0188436
