 -0.0572468
  -0.057182
 -0.0570531
 -0.0568615
 -0.0566088
 -0.0562972
 -0.0559292
  -0.055507
 -0.0550327
 -0.0545078
 -0.0539327
  -0.053307
 -0.0526286
 -0.0518938
 -0.0510966
 -0.0502294
 -0.0492818
 -0.0482415
 -0.0470933
 -0.0458202
 -0.0444029
 -0.0428199
 -0.0410482
 -0.0390631
 -0.0368387
 -0.0343479
 -0.0315627
  -0.028454
 -0.0249918
 -0.0211444
  -0.016878
 -0.0121554
-0.00693436
-0.00116514
 0.00521301
  0.0122769
  0.0201265
  0.0288948
  0.0387626
  0.0499794
  0.0628948
  0.0780054
  0.0960255
   0.117991
   0.145402
   0.180352
   0.225382
   0.281989
   0.344989
    0.39295
    0.39805
   0.358991
   0.301903
   0.248714
   0.205592
   0.171705
   0.144871
   0.123187
   0.105257
  0.0901041
  0.0770476
  0.0656122
   0.055462
  0.0463564
  0.0381212
  0.0306279
  0.0237799
  0.0175033
  0.0117394
  0.0064404
 0.00156556
-0.00292087
-0.00705145
 -0.0108566
 -0.0143653
 -0.0176052
 -0.0206031
 -0.0233846
  -0.025974
 -0.0283939
 -0.0306652
 -0.0328067
 -0.0348345
 -0.0367623
 -0.0386006
 -0.0403571
 -0.0420365
 -0.0436404
 -0.0451678
 -0.0466148
 -0.0479753
 -0.0492416
 -0.0504042
  -0.051453
 -0.0523772
 -0.0531664
  -0.053811
 -0.0543025
 -0.0546341
 -0.0548012
          0
  0.0102541
