 -0.125766
 -0.125715
 -0.125613
 -0.125462
 -0.125262
 -0.125017
 -0.124726
 -0.124393
 -0.124019
 -0.123604
 -0.123149
 -0.122652
 -0.122111
 -0.121521
 -0.120876
 -0.120168
 -0.119386
 -0.118518
 -0.117548
  -0.11646
 -0.115233
 -0.113846
 -0.112276
 -0.110498
 -0.108487
 -0.106214
 -0.103652
  -0.10077
-0.0975383
-0.0939229
-0.0898888
-0.0853968
-0.0804024
-0.0748527
-0.0686833
-0.0618126
-0.0541345
-0.0455077
-0.0357396
-0.0245638
-0.0116044
0.00367726
 0.0220662
 0.0447227
 0.0733743
  0.110553
  0.159664
  0.223864
  0.300626
  0.370312
  0.401489
  0.386277
  0.345879
  0.302964
  0.266078
  0.236104
  0.211841
  0.191919
  0.175242
  0.161005
  0.148632
  0.137713
  0.127955
  0.119146
  0.111133
  0.103801
 0.0970656
 0.0908601
 0.0851328
 0.0798412
 0.0749491
 0.0704245
 0.0662379
 0.0623618
 0.0587696
 0.0554355
 0.0523348
 0.0494435
 0.0467388
 0.0441992
 0.0418052
 0.0395392
  0.037386
  0.035333
 0.0333706
 0.0314919
 0.0296933
  0.027974
 0.0263359
 0.0247837
 0.0233244
 0.0219664
 0.0207201
 0.0195964
 0.0186065
 0.0177615
 0.0170717
 0.0165459
 0.0161912
 0.0160126
         0
-0.0172047
