 -0.0770684
 -0.0770247
 -0.0769378
 -0.0768087
 -0.0766388
 -0.0764299
 -0.0761836
 -0.0759016
 -0.0755849
 -0.0752343
 -0.0748492
 -0.0744281
 -0.0739678
 -0.0734634
 -0.0729081
 -0.0722929
 -0.0716065
 -0.0708352
 -0.0699632
 -0.0689721
 -0.0678415
 -0.0665492
 -0.0650709
  -0.063381
 -0.0614525
 -0.0592572
  -0.056766
 -0.0539487
 -0.0507738
 -0.0472084
 -0.0432171
 -0.0387611
 -0.0337964
 -0.0282711
 -0.0221221
 -0.0152699
-0.00761097
0.000992098
   0.010726
  0.0218485
  0.0347216
  0.0498612
  0.0680128
  0.0902664
   0.118218
   0.154142
   0.200929
   0.260731
   0.329374
   0.386017
   0.401294
   0.371327
   0.320446
    0.27097
   0.230022
   0.197435
   0.171399
   0.150211
   0.132585
   0.117606
   0.104632
  0.0932113
  0.0830233
  0.0738383
  0.0654893
  0.0578537
  0.0508391
  0.0443751
  0.0384059
  0.0328862
  0.0277774
  0.0230458
  0.0186606
  0.0145929
  0.0108154
 0.00730179
 0.00402667
0.000965761
-0.00190395
-0.00460396
-0.00715393
-0.00957135
 -0.0118713
 -0.0140661
 -0.0161652
 -0.0181751
 -0.0200992
 -0.0219379
 -0.0236888
 -0.0253469
 -0.0269048
 -0.0283533
 -0.0296818
 -0.0308789
 -0.0319328
 -0.0328319
 -0.0335656
 -0.0341247
 -0.0345017
 -0.0346916
          0
  0.0033324
