  -0.120016
  -0.119974
  -0.119889
  -0.119763
  -0.119598
  -0.119394
  -0.119154
  -0.118878
  -0.118569
  -0.118226
  -0.117849
  -0.117436
  -0.116985
  -0.116489
  -0.115944
  -0.115339
  -0.114665
  -0.113907
  -0.113049
  -0.112075
  -0.110964
  -0.109694
  -0.108241
  -0.106581
  -0.104686
  -0.102529
  -0.100081
 -0.0973114
 -0.0941888
 -0.0906801
 -0.0867495
 -0.0823573
 -0.0774588
 -0.0720006
 -0.0659181
 -0.0591294
  -0.051528
 -0.0429725
 -0.0332702
 -0.0221545
-0.00924941
  0.0059833
  0.0243278
  0.0469426
  0.0755511
   0.112676
   0.161703
   0.225748
   0.302205
   0.371365
   0.401854
    0.38596
   0.345043
   0.301776
   0.264648
   0.234497
   0.210094
   0.190053
   0.173267
   0.158927
   0.146453
   0.135434
   0.125575
   0.116663
   0.108545
   0.101106
  0.0942602
  0.0879421
  0.0820998
  0.0766909
  0.0716794
  0.0670335
  0.0627242
  0.0587239
  0.0550065
  0.0515466
  0.0483198
  0.0453024
   0.042472
  0.0398076
    0.03729
   0.034902
  0.0326288
  0.0304584
  0.0283815
  0.0263918
  0.0244861
  0.0226641
  0.0209283
  0.0192839
  0.0177383
  0.0163007
  0.0149818
  0.0137931
  0.0127465
  0.0118534
  0.0111244
   0.010569
  0.0101943
  0.0100057
          0
 -0.0142345
