  -0.112989
  -0.112952
   -0.11288
  -0.112772
   -0.11263
  -0.112456
  -0.112251
  -0.112016
  -0.111752
   -0.11146
  -0.111138
  -0.110785
  -0.110398
   -0.10997
  -0.109495
  -0.108965
  -0.108367
  -0.107687
   -0.10691
  -0.106018
  -0.104989
  -0.103802
  -0.102433
  -0.100856
 -0.0990434
 -0.0969676
  -0.094599
 -0.0919072
 -0.0888603
 -0.0854249
 -0.0815647
 -0.0772401
 -0.0724059
 -0.0670087
 -0.0609836
 -0.0542486
 -0.0466975
 -0.0381885
 -0.0285294
 -0.0174538
-0.00458679
  0.0106084
  0.0289131
  0.0514801
  0.0800218
   0.117039
    0.16587
   0.229536
   0.305272
   0.373231
   0.402208
   0.384868
   0.342891
   0.298937
   0.261365
   0.230913
    0.20629
   0.186078
   0.169152
   0.154689
   0.142104
   0.130981
   0.121023
   0.112015
   0.103801
  0.0962679
   0.089328
  0.0829157
  0.0769788
   0.071475
  0.0663681
  0.0616264
  0.0572209
  0.0531242
  0.0493103
  0.0457541
  0.0424312
  0.0393182
  0.0363929
  0.0336347
  0.0310245
  0.0285454
   0.026183
  0.0239255
  0.0217639
  0.0196923
  0.0177078
  0.0158104
  0.0140031
  0.0122913
  0.0106828
 0.00918719
 0.00781558
 0.00657982
 0.00549205
 0.00456411
 0.00380695
 0.00323006
 0.00284104
 0.00264517
          0
  -0.010982
