 -0.0708761
 -0.0686848
 -0.0644664
 -0.0585097
 -0.0511669
 -0.0427941
 -0.0337091
 -0.0241709
 -0.0143764
-0.00446679
 0.00546198
  0.0153485
  0.0251567
  0.0348683
  0.0444779
  0.0539884
  0.0634089
  0.0727523
  0.0820343
  0.0912722
   0.100484
   0.109689
   0.118906
   0.128153
   0.137449
    0.14681
   0.156252
   0.165791
    0.17544
   0.185215
   0.195128
   0.205195
   0.215432
   0.225859
   0.236503
     0.2474
   0.258601
   0.270173
   0.282212
   0.294851
   0.308269
   0.322707
   0.338481
   0.355971
   0.375556
   0.397331
    0.42021
   0.439354
    0.44091
   0.401034
   0.310492
   0.192367
  0.0859427
 0.00636838
 -0.0500017
 -0.0901018
  -0.119268
  -0.140999
   -0.15752
  -0.170263
  -0.180166
  -0.187863
  -0.193791
  -0.198258
  -0.201488
  -0.203648
  -0.204866
  -0.205241
  -0.204853
  -0.203772
  -0.202054
  -0.199752
  -0.196912
  -0.193577
  -0.189787
  -0.185578
  -0.180986
  -0.176042
  -0.170777
  -0.165217
  -0.159386
  -0.153306
  -0.146996
   -0.14047
  -0.133743
  -0.126826
   -0.11973
  -0.112468
  -0.105057
 -0.0975202
 -0.0898941
 -0.0822343
 -0.0746235
 -0.0671809
 -0.0600705
  -0.053506
 -0.0477457
 -0.0430745
 -0.0397694
  -0.038054
          0
 0.00801293
