   -0.102673
   -0.102531
   -0.102249
   -0.101831
   -0.101281
   -0.100606
  -0.0998132
  -0.0989099
  -0.0979039
  -0.0968028
   -0.095613
  -0.0943397
  -0.0929867
  -0.0915555
  -0.0900454
  -0.0884531
  -0.0867728
  -0.0849957
  -0.0831107
  -0.0811036
  -0.0789579
   -0.076655
  -0.0741739
  -0.0714922
  -0.0685857
   -0.065429
  -0.0619955
  -0.0582574
  -0.0541857
  -0.0497496
  -0.0449159
   -0.039648
  -0.0339038
  -0.0276338
  -0.0207769
  -0.0132556
 -0.00496879
  0.00421847
     0.01449
   0.0261003
   0.0394067
    0.054919
   0.0733734
   0.0958449
    0.123903
    0.159777
    0.206269
     0.26537
     0.33267
     0.38722
    0.400077
    0.368013
    0.315784
      0.2656
    0.224349
    0.191705
    0.165769
    0.144792
    0.127463
     0.11285
    0.100303
   0.0893645
   0.0797089
   0.0711034
   0.0633782
   0.0564081
   0.0500987
   0.0443774
   0.0391864
   0.0344783
   0.0302127
   0.0263536
   0.0228682
   0.0197256
    0.016896
   0.0143509
   0.0120624
   0.0100037
  0.00814888
  0.00647361
  0.00495499
  0.00357206
  0.00230595
  0.00114017
 6.06887e-05
-0.000943933
 -0.00188257
 -0.00276157
 -0.00358495
 -0.00435453
 -0.00507027
 -0.00573055
 -0.00633252
 -0.00687246
 -0.00734618
  -0.0077493
 -0.00807764
 -0.00832749
 -0.00849583
 -0.00858054
           0
  -0.0229404
