  -0.132849
  -0.132762
   -0.13259
  -0.132333
  -0.131993
  -0.131575
  -0.131081
  -0.130514
  -0.129878
  -0.129175
  -0.128407
  -0.127575
  -0.126679
  -0.125716
  -0.124682
  -0.123571
  -0.122373
   -0.12108
  -0.119676
  -0.118147
  -0.116474
  -0.114639
  -0.112619
  -0.110392
  -0.107932
  -0.105215
  -0.102212
 -0.0988961
 -0.0952372
 -0.0912039
 -0.0867622
 -0.0818745
 -0.0764974
 -0.0705797
 -0.0640582
 -0.0568531
 -0.0488597
 -0.0399387
 -0.0298996
 -0.0184786
-0.00530338
  0.0101595
  0.0286868
  0.0514254
  0.0800787
   0.117133
   0.165906
    0.22939
   0.304795
   0.372323
   0.400929
   0.383395
   0.341416
   0.297576
   0.260185
   0.229955
   0.205588
   0.185664
   0.169055
   0.154938
   0.142729
   0.132009
   0.122482
   0.113932
   0.106202
  0.0991755
  0.0927657
  0.0869049
  0.0815394
  0.0766252
  0.0721245
  0.0680039
  0.0642324
  0.0607808
  0.0576213
  0.0547265
  0.0520702
  0.0496268
   0.047372
  0.0452828
  0.0433379
  0.0415181
  0.0398065
  0.0381887
  0.0366532
  0.0351912
   0.033797
  0.0324677
  0.0312031
  0.0300054
  0.0288792
  0.0278306
  0.0268674
   0.025998
  0.0252315
  0.0245764
  0.0240412
   0.023633
  0.0233575
  0.0232187
          0
 -0.0236813
