 -0.121088
 -0.120964
 -0.120718
 -0.120352
  -0.11987
 -0.119277
 -0.118579
  -0.11778
 -0.116888
 -0.115907
 -0.114842
 -0.113696
 -0.112473
 -0.111171
 -0.109789
 -0.108322
 -0.106765
 -0.105106
 -0.103336
 -0.101439
-0.0993995
-0.0971978
-0.0948135
-0.0922243
-0.0894063
-0.0863342
-0.0829818
-0.0793214
-0.0753241
-0.0709594
-0.0661939
-0.0609909
-0.0553083
-0.0490958
-0.0422917
-0.0348178
-0.0265714
-0.0174157
-0.0071638
0.00444314
 0.0177698
 0.0333373
 0.0519019
 0.0745738
  0.102988
  0.139498
  0.187155
  0.248429
  0.319682
  0.380493
  0.400889
  0.375738
  0.328363
  0.281178
  0.241755
  0.210265
  0.185094
  0.164647
  0.147698
   0.13337
  0.121039
  0.110268
  0.100744
  0.092241
 0.0845959
 0.0776872
 0.0714233
 0.0657336
 0.0605619
  0.055862
 0.0515943
 0.0477235
 0.0442174
 0.0410454
 0.0381782
 0.0355873
 0.0332453
 0.0311253
 0.0292018
 0.0274506
 0.0258491
 0.0243767
  0.023015
  0.021748
 0.0205625
 0.0194478
  0.018396
  0.017402
 0.0164631
 0.0155789
  0.014751
 0.0139829
  0.013279
  0.012645
 0.0120867
 0.0116102
 0.0112211
 0.0109245
 0.0107245
 0.0106237
         0
-0.0251896
