   -0.090903
  -0.0907551
  -0.0904612
  -0.0900253
  -0.0894529
  -0.0887511
  -0.0879278
  -0.0869916
  -0.0859512
  -0.0848147
  -0.0835896
   -0.082282
  -0.0808962
  -0.0794343
  -0.0778961
  -0.0762789
  -0.0745769
  -0.0727816
  -0.0708819
  -0.0688636
  -0.0667101
  -0.0644027
  -0.0619201
  -0.0592397
  -0.0563371
  -0.0531865
   -0.049761
  -0.0460327
  -0.0419723
  -0.0375489
  -0.0327291
  -0.0274763
  -0.0217485
  -0.0154962
 -0.00865864
 -0.00115889
  0.00710341
   0.0162621
   0.0264994
   0.0380669
   0.0513179
   0.0667552
   0.0851033
    0.107417
    0.135228
    0.170694
    0.216478
    0.274306
    0.339354
    0.390408
    0.399125
    0.363317
    0.308496
    0.256729
    0.214521
    0.181274
    0.154938
    0.133679
    0.116142
    0.101368
   0.0886927
   0.0776474
   0.0679012
   0.0592169
   0.0514221
   0.0443898
   0.0380242
   0.0322518
   0.0270141
   0.0222634
   0.0179589
   0.0140644
   0.0105471
  0.00737594
  0.00452134
   0.0019547
-0.000351709
 -0.00242466
 -0.00428987
 -0.00597169
 -0.00749295
 -0.00887461
  -0.0101356
  -0.0112924
  -0.0123593
   -0.013348
  -0.0142677
  -0.0151252
  -0.0159249
  -0.0166693
  -0.0173589
  -0.0179929
   -0.018569
  -0.0190843
  -0.0195353
  -0.0199183
  -0.0202298
  -0.0204665
  -0.0206258
  -0.0207059
           0
  -0.0208451
