  -0.011589
 -0.0114318
 -0.0111202
 -0.0106593
 -0.0100569
-0.00932212
-0.00846586
-0.00749963
-0.00643512
-0.00528357
 -0.0040552
 -0.0027586
-0.00140031
 1.5666e-05
 0.00148814
 0.00301899
 0.00461329
 0.00627936
  0.0080287
 0.00987585
  0.0118382
  0.0139356
  0.0161904
  0.0186265
  0.0212697
  0.0241468
  0.0272859
  0.0307159
  0.0344669
    0.03857
  0.0430585
  0.0479686
  0.0533409
   0.059223
  0.0656725
  0.0727615
  0.0805837
  0.0892631
  0.0989672
   0.109926
   0.122458
   0.137014
    0.15423
   0.175012
   0.200632
   0.232763
   0.273168
   0.321933
   0.371836
   0.400565
   0.384057
   0.326474
   0.257266
    0.19713
   0.150104
   0.113963
  0.0857837
  0.0632769
   0.044841
  0.0293842
  0.0161607
 0.00465543
-0.00549209
 -0.0145381
 -0.0226676
 -0.0300159
 -0.0366844
 -0.0427505
  -0.048275
 -0.0533074
 -0.0578893
 -0.0620567
 -0.0658426
 -0.0692771
 -0.0723888
 -0.0752053
 -0.0777528
 -0.0800566
  -0.082141
  -0.084029
 -0.0857419
 -0.0872996
 -0.0887201
 -0.0900193
  -0.091211
 -0.0923068
 -0.0933163
  -0.094247
 -0.0951043
 -0.0958918
 -0.0966119
 -0.0972653
 -0.0978518
 -0.0983706
   -0.09882
 -0.0991983
 -0.0995037
 -0.0997345
 -0.0998892
 -0.0999668
          0
 0.00109132
