  0.0198369
  0.0200002
  0.0203242
  0.0208042
  0.0214333
   0.022203
  0.0231034
  0.0241239
  0.0252537
  0.0264824
  0.0278003
  0.0291994
  0.0306734
  0.0322184
   0.033833
  0.0355188
  0.0372802
  0.0391248
  0.0410631
  0.0431085
   0.045277
  0.0475871
  0.0500595
  0.0527163
  0.0555814
  0.0586796
  0.0620369
  0.0656799
   0.069636
   0.073934
  0.0786042
  0.0836797
  0.0891976
  0.0952015
   0.101744
   0.108893
   0.116734
   0.125383
   0.134995
   0.145784
   0.158044
   0.172191
   0.188802
   0.208693
   0.232973
   0.263036
   0.300131
   0.343458
   0.384592
   0.400922
    0.37102
   0.302436
    0.22639
   0.162582
   0.113664
  0.0765629
  0.0479187
  0.0252235
 0.00676307
-0.00861531
 -0.0216919
 -0.0330022
 -0.0429199
 -0.0517098
  -0.059563
 -0.0666196
 -0.0729846
 -0.0787385
 -0.0839447
 -0.0886551
 -0.0929133
 -0.0967575
  -0.100222
  -0.103339
  -0.106138
  -0.108648
  -0.110896
  -0.112909
  -0.114713
   -0.11633
  -0.117783
  -0.119093
  -0.120278
  -0.121354
  -0.122336
  -0.123236
  -0.124064
  -0.124826
   -0.12553
  -0.126177
  -0.126771
  -0.127312
  -0.127799
  -0.128232
  -0.128609
  -0.128927
  -0.129184
  -0.129379
   -0.12951
  -0.129576
          0
  0.0190962
