 -0.0769671
 -0.0747814
 -0.0705629
 -0.0645819
 -0.0571705
 -0.0486672
 -0.0393775
 -0.0295534
 -0.0193894
-0.00902766
 0.00143277
  0.0119259
  0.0224101
  0.0328616
  0.0432688
   0.053629
  0.0639453
   0.074225
  0.0844783
  0.0947172
   0.104955
   0.115205
   0.125481
   0.135797
   0.146166
   0.156601
   0.167112
   0.177711
   0.188407
    0.19921
   0.210129
   0.221174
   0.232357
   0.243694
   0.255207
   0.266927
   0.278898
   0.291181
   0.303867
   0.317075
   0.330973
   0.345782
   0.361788
   0.379319
   0.398665
   0.419757
   0.441194
   0.457555
   0.454105
   0.406519
   0.307006
   0.180954
  0.0692231
 -0.0134078
 -0.0714389
  -0.112393
  -0.141931
  -0.163728
  -0.180106
  -0.192552
  -0.202039
  -0.209223
  -0.214555
  -0.218356
  -0.220857
  -0.222233
  -0.222618
  -0.222116
  -0.220814
  -0.218784
   -0.21609
  -0.212788
  -0.208928
   -0.20456
  -0.199726
  -0.194469
  -0.188828
  -0.182841
  -0.176542
  -0.169961
   -0.16313
  -0.156072
  -0.148811
  -0.141369
  -0.133761
  -0.126004
  -0.118114
  -0.110105
  -0.101999
 -0.0938203
 -0.0856075
 -0.0774166
   -0.06933
 -0.0614656
 -0.0539859
 -0.0471033
 -0.0410771
 -0.0361959
 -0.0327437
 -0.0309521
          0
  0.0105511
