 -0.0192832
 -0.0191631
 -0.0189241
 -0.0185684
 -0.0180992
 -0.0175205
 -0.0168368
  -0.016053
 -0.0151738
 -0.0142038
 -0.0131466
 -0.0120048
 -0.0107799
-0.00947119
-0.00807628
-0.00659047
-0.00500672
-0.00331554
-0.00150499
0.000439232
 0.00253366
 0.00479687
 0.00724924
  0.0099127
  0.0128104
  0.0159667
  0.0194067
  0.0231565
  0.0272429
  0.0316942
  0.0365408
  0.0418158
  0.0475571
  0.0538094
  0.0606278
  0.0680822
   0.076264
  0.0852954
  0.0953424
   0.106634
    0.11949
   0.134359
   0.151883
   0.172973
   0.198909
   0.231385
   0.272193
   0.321468
   0.372036
   0.401554
   0.385766
   0.328667
   0.259703
   0.199689
   0.152752
   0.116708
  0.0886488
  0.0662888
  0.0480274
  0.0327712
  0.0197727
 0.00851465
-0.00136604
  -0.010128
 -0.0179587
 -0.0249963
 -0.0313446
 -0.0370841
 -0.0422783
 -0.0469797
 -0.0512327
 -0.0550769
 -0.0585479
 -0.0616792
 -0.0645026
 -0.0670483
 -0.0693458
 -0.0714229
 -0.0733065
 -0.0750215
 -0.0765914
 -0.0780372
 -0.0793777
 -0.0806291
 -0.0818049
 -0.0829157
  -0.083969
   -0.08497
 -0.0859208
 -0.0868211
 -0.0876685
 -0.0884589
 -0.0891867
 -0.0898451
 -0.0904271
 -0.0909256
 -0.0913337
 -0.0916455
 -0.0918562
 -0.0919625
          0
  0.0209906
