 -0.0826363
 -0.0805162
  -0.076412
 -0.0705658
 -0.0632781
 -0.0548589
 -0.0455923
 -0.0357163
 -0.0254182
 -0.0148381
-0.00407635
 0.00679722
   0.017736
  0.0287104
  0.0397028
  0.0507043
  0.0617121
  0.0727277
  0.0837558
  0.0948028
   0.105877
   0.116987
   0.128142
   0.139352
   0.150624
   0.161967
   0.173389
   0.184897
   0.196495
    0.20819
   0.219988
   0.231894
   0.243917
   0.256069
    0.26837
   0.280845
   0.293535
     0.3065
   0.319821
   0.333616
   0.348043
   0.363315
   0.379699
   0.397495
   0.416938
   0.437856
   0.458636
   0.473437
   0.466827
   0.413945
   0.307829
   0.175573
  0.0594317
 -0.0259026
 -0.0855093
  -0.127355
  -0.157361
  -0.179349
  -0.195724
  -0.208024
  -0.217253
  -0.224088
  -0.228994
  -0.232303
  -0.234255
  -0.235031
   -0.23477
  -0.233583
   -0.23156
   -0.22878
   -0.22531
  -0.221209
  -0.216535
  -0.211339
   -0.20567
  -0.199574
  -0.193095
  -0.186275
  -0.179152
  -0.171764
  -0.164143
   -0.15632
  -0.148323
  -0.140177
  -0.131903
  -0.123521
  -0.115052
  -0.106514
 -0.0979313
 -0.0893312
  -0.080754
  -0.072256
 -0.0639182
 -0.0558555
  -0.048225
 -0.0412321
 -0.0351281
 -0.0301945
 -0.0267098
 -0.0249025
          0
  0.0128071
