  0.0149379
  0.0150995
  0.0154206
  0.0158974
  0.0165242
  0.0172939
  0.0181984
   0.019229
  0.0203766
  0.0216326
   0.022989
  0.0244392
  0.0259781
  0.0276026
  0.0293121
  0.0311085
  0.0329963
  0.0349828
  0.0370781
   0.039295
  0.0416488
  0.0441568
  0.0468385
  0.0497151
  0.0528088
  0.0561433
   0.059743
  0.0636329
  0.0678391
  0.0723889
   0.077311
   0.082637
  0.0884028
  0.0946504
   0.101431
   0.108812
   0.116876
   0.125739
   0.135555
   0.146536
   0.158976
   0.173287
   0.190048
    0.21007
    0.23446
   0.264602
   0.301729
   0.345005
   0.385944
   0.401871
   0.371415
   0.302276
   0.225824
   0.161773
   0.112731
  0.0755856
  0.0469525
  0.0243088
 0.00593144
-0.00933818
 -0.0222842
 -0.0334452
 -0.0431971
 -0.0518067
 -0.0594667
 -0.0663189
 -0.0724698
 -0.0780015
  -0.082979
 -0.0874555
 -0.0914762
 -0.0950808
 -0.0983053
  -0.101183
  -0.103746
  -0.106024
  -0.108045
  -0.109839
  -0.111431
  -0.112847
   -0.11411
  -0.115241
   -0.11626
  -0.117183
  -0.118026
  -0.118801
  -0.119518
  -0.120183
  -0.120803
  -0.121379
  -0.121914
  -0.122407
  -0.122856
  -0.123259
  -0.123612
  -0.123913
  -0.124159
  -0.124346
  -0.124472
  -0.124536
          0
  0.0241709
