 -0.0377044
 -0.0376122
 -0.0374287
 -0.0371555
 -0.0367951
 -0.0363505
 -0.0358248
 -0.0352216
 -0.0345442
 -0.0337952
 -0.0329768
 -0.0320899
 -0.0311339
 -0.0301066
 -0.0290038
 -0.0278193
 -0.0265442
 -0.0251676
 -0.0236761
 -0.0220539
 -0.0202831
 -0.0183437
 -0.0162141
 -0.0138709
 -0.0112897
-0.00844475
-0.00530962
-0.00185681
 0.00194216
  0.0061172
  0.0107003
  0.0157266
  0.0212361
  0.0272759
  0.0339041
  0.0411939
   0.049241
  0.0581731
  0.0681637
  0.0794521
  0.0923731
     0.1074
   0.125212
    0.14678
   0.173496
   0.207251
   0.250203
   0.303146
   0.359852
   0.398363
   0.392641
    0.34413
   0.280744
   0.223887
   0.178683
   0.143597
   0.116065
  0.0939812
  0.0758397
  0.0606006
  0.0475471
  0.0361809
  0.0261512
  0.0172074
 0.00916796
 0.00189895
-0.00470025
 -0.0107072
 -0.0161832
 -0.0211788
 -0.0257368
  -0.029895
 -0.0336878
 -0.0371473
  -0.040304
 -0.0431872
 -0.0458251
 -0.0482447
 -0.0504715
 -0.0525297
 -0.0544415
 -0.0562268
 -0.0579033
  -0.059486
  -0.060987
 -0.0624153
 -0.0637774
 -0.0650763
 -0.0663126
 -0.0674843
 -0.0685871
 -0.0696148
 -0.0705598
 -0.0714136
 -0.0721672
 -0.0728117
 -0.0733388
  -0.073741
 -0.0740126
 -0.0741495
          0
   0.016301
