 0.0182942
 0.0184578
 0.0187828
 0.0192649
 0.0198981
 0.0206748
 0.0215861
 0.0226225
 0.0237745
 0.0250327
 0.0263884
 0.0278344
 0.0293651
 0.0309772
 0.0326695
 0.0344438
 0.0363045
 0.0382589
 0.0403172
 0.0424922
 0.0447993
 0.0472563
 0.0498829
 0.0527005
 0.0557318
 0.0590008
 0.0625322
 0.0663516
 0.0704853
 0.0749611
 0.0798079
 0.0850579
 0.0907469
 0.0969176
  0.103622
  0.110925
  0.118912
  0.127698
  0.137436
  0.148339
  0.160698
  0.174925
  0.191596
  0.211515
  0.235783
  0.265769
  0.302682
  0.345646
  0.386128
  0.401464
  0.370422
  0.300848
  0.224154
  0.159988
   0.11089
 0.0737138
 0.0450571
 0.0223906
0.00398816
-0.0113101
-0.0242888
-0.0354865
-0.0452789
-0.0539326
-0.0616402
-0.0685429
-0.0747471
-0.0803343
 -0.085369
-0.0899043
-0.0939848
-0.0976498
 -0.100935
 -0.103873
 -0.106494
  -0.10883
 -0.110908
 -0.112756
 -0.114399
 -0.115863
  -0.11717
 -0.118342
 -0.119398
 -0.120354
 -0.121226
 -0.122025
 -0.122762
 -0.123444
 -0.124075
 -0.124661
 -0.125201
 -0.125697
 -0.126147
 -0.126549
   -0.1269
 -0.127199
 -0.127442
 -0.127626
 -0.127751
 -0.127813
         0
 0.0230735
