 -0.00291909
 -0.00277612
 -0.00249165
 -0.00206857
 -0.00151102
 -0.00082418
-1.40289e-05
 0.000913018
  0.00195045
  0.00309205
  0.00433229
  0.00566674
  0.00709243
  0.00860818
   0.0102149
   0.0119159
   0.0137167
   0.0156257
   0.0176535
   0.0198136
   0.0221213
   0.0245943
   0.0272522
    0.030116
    0.033208
   0.0365516
   0.0401712
   0.0440919
   0.0483395
   0.0529415
   0.0579267
   0.0633271
    0.069179
   0.0755254
   0.0824191
   0.0899272
   0.0981379
    0.107168
    0.117179
    0.128388
    0.141104
    0.155755
    0.172948
    0.193543
    0.218727
    0.250028
    0.288936
    0.335054
    0.380472
    0.402618
    0.378766
    0.314951
    0.241741
    0.179397
    0.131225
    0.094526
   0.0661243
   0.0435997
   0.0252803
   0.0100344
 -0.00290759
  -0.0140761
  -0.0238423
  -0.0324703
  -0.0401512
  -0.0470258
  -0.0532001
   -0.058756
  -0.0637585
  -0.0682609
  -0.0723088
  -0.0759424
  -0.0791979
  -0.0821095
  -0.0847094
  -0.0870285
  -0.0890964
  -0.0909415
  -0.0925911
  -0.0940706
  -0.0954039
  -0.0966126
  -0.0977164
   -0.098732
  -0.0996739
   -0.100554
    -0.10138
    -0.10216
   -0.102896
   -0.103591
   -0.104243
    -0.10485
   -0.105409
   -0.105914
    -0.10636
   -0.106743
   -0.107056
   -0.107295
   -0.107457
   -0.107538
           0
   0.0238949
