  -0.0107748
  -0.0106424
  -0.0103789
 -0.00998679
 -0.00946979
 -0.00883245
 -0.00808001
 -0.00721809
 -0.00625232
 -0.00518805
  -0.0040299
 -0.00278143
 -0.00144477
-2.02856e-05
  0.00149368
  0.00310104
  0.00480811
  0.00662371
  0.00855913
   0.0106281
   0.0128465
   0.0152324
   0.0178058
   0.0205879
   0.0236016
   0.0268705
   0.0304193
   0.0342735
   0.0384594
   0.0430047
    0.047939
   0.0532947
   0.0591088
   0.0654251
   0.0722973
    0.079794
   0.0880046
   0.0970488
    0.107089
     0.11835
    0.131144
    0.145909
     0.16327
    0.184109
    0.209657
     0.24152
    0.281328
     0.32893
    0.376752
    0.402318
    0.382183
    0.321442
    0.250161
    0.188868
    0.141246
    0.104836
    0.076583
   0.0541288
   0.0358331
   0.0205817
  0.00761442
 -0.00359316
  -0.0134087
   -0.022094
  -0.0298386
  -0.0367822
  -0.0430299
   -0.048663
  -0.0537459
  -0.0583316
  -0.0624654
   -0.066187
  -0.0695327
  -0.0725362
  -0.0752297
   -0.077644
  -0.0798084
  -0.0817515
  -0.0835001
  -0.0850798
  -0.0865141
  -0.0878245
  -0.0890302
  -0.0901479
  -0.0911916
  -0.0921724
  -0.0930987
   -0.093976
  -0.0948075
  -0.0955937
  -0.0963332
  -0.0970226
  -0.0976573
  -0.0982317
  -0.0987396
  -0.0991747
  -0.0995311
  -0.0998035
  -0.0999876
    -0.10008
           0
     0.02269
