0.00411595
0.00426736
0.00456853
0.00501623
 0.0056058
0.00633143
0.00718642
0.00816352
0.00925538
 0.0104549
 0.0117557
 0.0131525
 0.0146416
  0.016221
 0.0178911
 0.0196545
 0.0215163
 0.0234844
 0.0255692
 0.0277835
 0.0301427
 0.0326642
 0.0353672
 0.0382727
 0.0414029
  0.044781
 0.0484311
 0.0523781
  0.056648
 0.0612676
 0.0662657
 0.0716738
  0.077528
 0.0838704
 0.0907534
 0.0982432
  0.106426
  0.115419
  0.125378
   0.13652
  0.149146
  0.163677
  0.180709
  0.201079
  0.225938
  0.256752
  0.294894
   0.33977
  0.383204
  0.402563
  0.375716
  0.309456
  0.234735
  0.171584
  0.122995
 0.0860818
 0.0575709
 0.0349946
 0.0166564
0.00141176
-0.0115163
-0.0226623
   -0.0324
-0.0409951
-0.0486396
-0.0554752
-0.0616083
-0.0671211
-0.0720788
 -0.076535
-0.0805353
-0.0841199
-0.0873253
-0.0901853
-0.0927323
-0.0949971
-0.0970092
 -0.098797
 -0.100388
 -0.101807
 -0.103078
 -0.104223
 -0.105262
 -0.106211
 -0.107085
 -0.107897
 -0.108655
 -0.109367
 -0.110036
 -0.110665
 -0.111253
   -0.1118
 -0.112302
 -0.112755
 -0.113155
 -0.113497
 -0.113777
 -0.113991
 -0.114135
 -0.114208
         0
 0.0245639
