  -0.0867748
  -0.0867376
  -0.0866638
  -0.0865544
  -0.0864105
  -0.0862337
  -0.0860256
  -0.0857875
  -0.0855204
  -0.0852245
  -0.0848992
  -0.0845424
  -0.0841509
  -0.0837192
  -0.0832404
   -0.082705
  -0.0821014
  -0.0814158
  -0.0806318
   -0.079731
  -0.0786926
  -0.0774941
   -0.076111
  -0.0745174
   -0.072686
  -0.0705882
  -0.0681948
   -0.065475
   -0.062397
  -0.0589275
  -0.0550307
   -0.050667
  -0.0457919
  -0.0403529
  -0.0342859
  -0.0275103
  -0.0199216
  -0.0113804
 -0.00169806
  0.00938658
   0.0222402
   0.0373863
   0.0555829
   0.0779418
    0.106099
    0.142404
    0.189897
    0.251012
    0.322025
    0.382388
    0.402102
    0.376167
    0.328087
    0.280318
    0.240393
    0.208436
    0.182802
    0.161878
    0.144427
    0.129564
    0.116665
    0.105289
   0.0951222
   0.0859401
   0.0775793
   0.0699194
   0.0628703
    0.056363
    0.050343
   0.0447659
   0.0395943
   0.0347952
   0.0303383
   0.0261957
   0.0223406
   0.0187471
   0.0153904
   0.0122468
  0.00929362
  0.00650987
  0.00387632
  0.00137588
  -0.0010061
 -0.00328157
  -0.0054596
 -0.00754624
 -0.00954452
  -0.0114545
  -0.0132732
  -0.0149953
  -0.0166131
  -0.0181169
  -0.0194958
  -0.0207379
  -0.0218311
  -0.0227636
  -0.0235243
  -0.0241039
  -0.0244947
  -0.0246915
           0
-0.000293213
