  -0.047387
  -0.047309
 -0.0471537
 -0.0469225
 -0.0466176
 -0.0462415
  -0.045797
 -0.0452869
 -0.0447139
 -0.0440799
 -0.0433863
 -0.0426332
 -0.0418192
 -0.0409414
 -0.0399947
 -0.0389719
 -0.0378636
  -0.036658
 -0.0353409
 -0.0338958
  -0.032304
 -0.0305449
 -0.0285961
 -0.0264335
 -0.0240319
 -0.0213649
 -0.0184054
 -0.0151249
 -0.0114942
-0.00748248
-0.00305683
 0.00181894
 0.00718596
  0.0130927
  0.0195986
  0.0267787
  0.0347309
  0.0435856
  0.0535201
   0.064779
  0.0777046
  0.0927823
   0.110708
   0.132489
   0.159568
   0.193941
   0.237958
   0.292765
   0.352653
    0.39591
   0.395592
   0.351772
   0.291493
   0.236433
    0.19224
    0.15773
   0.130529
    0.10863
  0.0905822
  0.0753755
  0.0623113
  0.0509023
  0.0408048
  0.0317733
  0.0236296
  0.0162424
 0.00951324
 0.00336614
-0.00225891
-0.00741112
 -0.0121322
 -0.0164591
 -0.0204252
 -0.0240619
 -0.0273988
 -0.0304646
 -0.0332866
 -0.0358912
 -0.0383034
 -0.0405466
 -0.0426422
 -0.0446098
 -0.0464661
 -0.0482255
 -0.0498992
 -0.0514959
 -0.0530207
 -0.0544762
 -0.0558621
 -0.0571753
 -0.0584107
 -0.0595613
 -0.0606184
 -0.0615727
 -0.0624143
 -0.0631335
 -0.0637213
 -0.0641696
 -0.0644722
 -0.0646247
          0
  0.0134182
