 -0.0671802
 -0.0671271
 -0.0670215
 -0.0668645
 -0.0666576
 -0.0664029
 -0.0661023
 -0.0657576
 -0.0653706
  -0.064942
  -0.064472
 -0.0639593
 -0.0634013
 -0.0627937
   -0.06213
 -0.0614017
  -0.060598
 -0.0597057
 -0.0587094
 -0.0575913
 -0.0563314
 -0.0549078
 -0.0532968
 -0.0514732
 -0.0494104
 -0.0470808
 -0.0444557
 -0.0415054
 -0.0381991
 -0.0345044
 -0.0303866
 -0.0258077
 -0.0207244
 -0.0150859
-0.00883013
-0.00187876
 0.00586997
  0.0145515
  0.0243498
  0.0355188
  0.0484148
  0.0635445
  0.0816388
   0.103762
   0.131465
   0.166936
   0.212897
   0.271185
   0.337133
   0.389603
   0.399958
   0.365567
   0.311648
   0.260342
   0.218315
   0.185076
   0.158635
   0.137191
   0.119403
   0.104326
  0.0912988
  0.0798584
  0.0696765
  0.0605179
  0.0522121
  0.0446335
  0.0376877
  0.0313025
  0.0254209
  0.0199961
  0.0149887
  0.0103638
 0.00608996
 0.00213748
-0.00152174
 -0.0049147
 -0.0080674
 -0.0110047
 -0.0137503
 -0.0163262
 -0.0187527
 -0.0210477
 -0.0232269
 -0.0253031
 -0.0272865
 -0.0291839
 -0.0309994
 -0.0327339
 -0.0343856
 -0.0359501
 -0.0374204
 -0.0387881
 -0.0400431
 -0.0411744
 -0.0421708
 -0.0430213
 -0.0437155
 -0.0442447
 -0.0446016
 -0.0447814
          0
  0.0068706
