  -0.120017
  -0.119974
   -0.11989
  -0.119764
  -0.119598
  -0.119395
  -0.119154
  -0.118879
   -0.11857
  -0.118227
  -0.117849
  -0.117437
  -0.116985
   -0.11649
  -0.115945
   -0.11534
  -0.114665
  -0.113907
   -0.11305
  -0.112076
  -0.110964
  -0.109694
  -0.108242
  -0.106582
  -0.104687
   -0.10253
  -0.100082
 -0.0973118
 -0.0941892
 -0.0906805
 -0.0867498
 -0.0823577
 -0.0774591
 -0.0720009
 -0.0659183
 -0.0591296
 -0.0515282
 -0.0429727
 -0.0332703
 -0.0221545
-0.00924938
 0.00598341
   0.024328
  0.0469429
  0.0755515
   0.112677
   0.161704
   0.225749
   0.302207
   0.371367
   0.401856
   0.385962
   0.345045
   0.301777
   0.264649
   0.234498
   0.210095
   0.190054
   0.173268
   0.158928
   0.146454
   0.135434
   0.125575
   0.116664
   0.108546
   0.101106
  0.0942606
  0.0879424
  0.0821001
  0.0766912
  0.0716797
  0.0670338
  0.0627244
  0.0587241
  0.0550067
  0.0515469
    0.04832
  0.0453026
  0.0424722
  0.0398078
  0.0372902
  0.0349021
   0.032629
  0.0304586
  0.0283816
   0.026392
  0.0244863
  0.0226642
  0.0209284
   0.019284
  0.0177384
  0.0163008
  0.0149819
  0.0137933
  0.0127466
  0.0118535
  0.0111246
  0.0105691
  0.0101944
  0.0100058
          0
 -0.0142346
