  -0.112989
  -0.112953
   -0.11288
  -0.112772
  -0.112631
  -0.112457
  -0.112251
  -0.112017
  -0.111753
   -0.11146
  -0.111139
  -0.110786
  -0.110398
  -0.109971
  -0.109496
  -0.108965
  -0.108367
  -0.107687
  -0.106911
  -0.106018
   -0.10499
  -0.103803
  -0.102434
  -0.100856
 -0.0990439
  -0.096968
 -0.0945994
 -0.0919076
 -0.0888607
 -0.0854252
 -0.0815651
 -0.0772404
 -0.0724062
 -0.0670089
 -0.0609838
 -0.0542488
 -0.0466976
 -0.0381886
 -0.0285294
 -0.0174538
-0.00458673
  0.0106086
  0.0289133
  0.0514804
  0.0800222
   0.117039
   0.165871
   0.229537
   0.305274
   0.373233
    0.40221
   0.384869
   0.342893
   0.298939
   0.261367
   0.230914
   0.206291
   0.186079
   0.169153
    0.15469
   0.142105
   0.130982
   0.121023
   0.112015
   0.103802
  0.0962683
  0.0893284
   0.082916
  0.0769792
  0.0714753
  0.0663684
  0.0616267
  0.0572211
  0.0531244
  0.0493105
  0.0457543
  0.0424313
  0.0393183
  0.0363931
  0.0336348
  0.0310246
  0.0285455
  0.0261831
  0.0239256
   0.021764
  0.0196925
  0.0177079
  0.0158106
  0.0140032
  0.0122914
  0.0106829
 0.00918728
 0.00781567
 0.00657991
 0.00549214
  0.0045642
 0.00380704
 0.00323015
 0.00284113
 0.00264526
          0
 -0.0109821
