 -0.0779156
 -0.0777634
 -0.0774612
 -0.0770133
 -0.0764257
 -0.0757061
 -0.0748633
 -0.0739065
 -0.0728453
 -0.0716887
 -0.0704449
 -0.0691205
 -0.0677206
 -0.0662478
 -0.0647024
 -0.0630817
 -0.0613803
 -0.0595898
 -0.0576989
 -0.0556936
  -0.053557
   -0.05127
 -0.0488113
 -0.0461578
 -0.0432849
 -0.0401663
 -0.0367751
 -0.0330828
   -0.02906
 -0.0246754
 -0.0198958
 -0.0146842
-0.00899879
-0.00279023
 0.00400193
  0.0114541
  0.0196659
  0.0287699
  0.0389462
  0.0504436
  0.0636106
  0.0789424
  0.0971507
   0.119268
   0.146786
   0.181785
   0.226784
   0.283233
   0.345884
   0.393273
   0.397707
   0.358077
   0.300639
   0.247292
   0.204138
   0.170299
   0.143571
   0.122037
   0.104294
  0.0893606
  0.0765542
   0.065398
  0.0555549
  0.0467838
  0.0389098
   0.031804
  0.0253695
  0.0195319
  0.0142324
 0.00942267
 0.00506176
 0.00111354
-0.00245497
-0.00567465
-0.00857498
 -0.0111844
 -0.0135305
 -0.0156397
 -0.0175377
 -0.0192486
 -0.0207951
  -0.022198
 -0.0234761
  -0.024646
 -0.0257221
 -0.0267161
 -0.0276375
 -0.0284934
 -0.0292885
 -0.0300258
 -0.0307063
 -0.0313298
 -0.0318945
 -0.0323983
  -0.032838
 -0.0332107
 -0.0335132
 -0.0337428
 -0.0338972
 -0.0339748
          0
 -0.0181564
