   -0.102673
   -0.102532
    -0.10225
   -0.101831
   -0.101282
   -0.100607
  -0.0998137
  -0.0989103
  -0.0979044
  -0.0968033
  -0.0956134
  -0.0943402
  -0.0929872
   -0.091556
  -0.0900458
  -0.0884535
  -0.0867732
  -0.0849962
  -0.0831111
   -0.081104
  -0.0789583
  -0.0766554
  -0.0741743
  -0.0714926
  -0.0685861
  -0.0654294
  -0.0619958
  -0.0582577
   -0.054186
  -0.0497498
  -0.0449161
  -0.0396482
  -0.0339041
   -0.027634
   -0.020777
  -0.0132557
 -0.00496887
  0.00421843
     0.01449
   0.0261003
   0.0394068
   0.0549192
   0.0733737
   0.0958452
    0.123904
    0.159778
     0.20627
    0.265371
    0.332672
    0.387222
    0.400079
    0.368014
    0.315785
    0.265601
     0.22435
    0.191706
     0.16577
    0.144793
    0.127463
    0.112851
    0.100304
    0.089365
   0.0797094
   0.0711038
   0.0633785
   0.0564084
    0.050099
   0.0443776
   0.0391866
   0.0344786
   0.0302129
   0.0263538
   0.0228684
   0.0197257
   0.0168961
    0.014351
   0.0120625
   0.0100038
  0.00814897
  0.00647369
  0.00495507
  0.00357213
  0.00230601
  0.00114022
  6.0739e-05
-0.000943888
 -0.00188253
 -0.00276154
 -0.00358492
  -0.0043545
 -0.00507025
 -0.00573053
  -0.0063325
 -0.00687245
 -0.00734617
  -0.0077493
 -0.00807764
 -0.00832749
 -0.00849582
 -0.00858054
           0
  -0.0229405
