  -0.132408
  -0.132334
  -0.132187
  -0.131968
   -0.13168
  -0.131323
  -0.130902
  -0.130419
  -0.129876
  -0.129276
  -0.128619
  -0.127905
  -0.127134
  -0.126302
  -0.125404
  -0.124433
   -0.12338
  -0.122234
   -0.12098
  -0.119603
  -0.118084
  -0.116403
  -0.114538
  -0.112465
   -0.11016
  -0.107595
  -0.104744
  -0.101577
 -0.0980648
 -0.0941755
 -0.0898745
 -0.0851237
 -0.0798792
 -0.0740894
 -0.0676905
 -0.0606021
 -0.0527191
  -0.043901
 -0.0339568
 -0.0226214
-0.00952069
 0.00588135
  0.0243658
   0.047087
  0.0757617
   0.112903
    0.16188
   0.225784
   0.301992
   0.370819
   0.401004
   0.384928
    0.34397
   0.300753
   0.263727
   0.233711
   0.209467
   0.189606
    0.17302
     0.1589
   0.146665
   0.135902
   0.126318
   0.117698
   0.109888
   0.102772
  0.0962638
  0.0902972
   0.084819
  0.0797857
  0.0751603
  0.0709098
  0.0670039
   0.063414
  0.0601126
  0.0570731
  0.0542697
  0.0516773
  0.0492722
   0.047032
  0.0449358
  0.0429652
  0.0411036
  0.0393376
  0.0376561
  0.0360511
  0.0345176
  0.0330535
  0.0316594
  0.0303384
  0.0290959
  0.0279391
  0.0268766
  0.0259178
  0.0250725
  0.0243504
  0.0237605
  0.0233106
  0.0230071
  0.0228541
          0
 -0.0219987
