  -0.121089
  -0.120965
  -0.120719
  -0.120353
  -0.119871
  -0.119278
  -0.118579
  -0.117781
  -0.116888
  -0.115907
  -0.114842
  -0.113697
  -0.112473
  -0.111171
  -0.109789
  -0.108323
  -0.106765
  -0.105107
  -0.103337
   -0.10144
    -0.0994
 -0.0971982
  -0.094814
 -0.0922248
 -0.0894067
 -0.0863346
 -0.0829822
 -0.0793217
 -0.0753245
 -0.0709597
 -0.0661942
 -0.0609912
 -0.0553086
  -0.049096
  -0.042292
  -0.034818
 -0.0265716
 -0.0174158
-0.00716386
 0.00444314
  0.0177698
  0.0333374
  0.0519022
  0.0745741
   0.102988
   0.139498
   0.187156
    0.24843
   0.319683
   0.380494
   0.400891
    0.37574
   0.328365
   0.281179
   0.241756
   0.210266
   0.185095
   0.164648
   0.147699
    0.13337
    0.12104
   0.110269
   0.100744
  0.0922414
  0.0845964
  0.0776876
  0.0714237
  0.0657339
  0.0605622
  0.0558623
  0.0515945
  0.0477238
  0.0442176
  0.0410456
  0.0381784
  0.0355875
  0.0332454
  0.0311255
   0.029202
  0.0274507
  0.0258492
  0.0243768
  0.0230151
  0.0217481
  0.0205626
  0.0194479
  0.0183961
  0.0174021
  0.0164632
   0.015579
  0.0147511
   0.013983
  0.0132791
   0.012645
  0.0120867
  0.0116102
  0.0112212
  0.0109246
  0.0107245
  0.0106238
          0
 -0.0251897
