 -0.0501601
 -0.0500039
 -0.0496941
 -0.0492354
 -0.0486348
  -0.047901
 -0.0470439
  -0.046074
 -0.0450021
 -0.0438386
 -0.0425927
 -0.0412722
 -0.0398831
 -0.0384287
 -0.0369098
 -0.0353243
 -0.0336668
  -0.031929
 -0.0300994
 -0.0281638
 -0.0261048
  -0.023903
 -0.0215365
 -0.0189814
 -0.0162125
 -0.0132032
-0.00992552
-0.00635077
-0.00244889
  0.0018116
 0.00646433
  0.0115461
  0.0170987
  0.0231709
  0.0298225
  0.0371284
  0.0451864
  0.0541259
  0.0641225
  0.0754182
  0.0883508
   0.103398
   0.121243
    0.14287
   0.169682
   0.203601
   0.246838
   0.300281
   0.357844
   0.397638
   0.393383
   0.346155
   0.283627
   0.227272
   0.182356
   0.147436
   0.120004
  0.0979804
  0.0798757
  0.0646592
  0.0516199
  0.0402635
  0.0302423
   0.021308
  0.0132814
 0.00603024
-0.00054418
-0.00651767
   -0.01195
 -0.0168898
 -0.0213784
 -0.0254519
  -0.029143
 -0.0324825
 -0.0354992
 -0.0382212
 -0.0406755
 -0.0428881
 -0.0448839
 -0.0466865
 -0.0483181
 -0.0497992
 -0.0511481
 -0.0523814
 -0.0535131
 -0.0545551
 -0.0555169
  -0.056406
 -0.0572277
 -0.0579854
 -0.0586808
 -0.0593143
 -0.0598852
  -0.060392
 -0.0608325
 -0.0612044
 -0.0615053
 -0.0617332
 -0.0618861
  -0.061963
          0
 -0.0112973
