 0.00705202
 0.00721083
 0.00752573
 0.00799151
 0.00860063
 0.00934374
  0.0102101
  0.0111883
  0.0122665
  0.0134334
   0.014679
  0.0159943
   0.017373
  0.0188107
  0.0203062
  0.0218612
  0.0234805
  0.0251722
  0.0269476
  0.0288209
  0.0308092
  0.0329321
  0.0352114
  0.0376707
  0.0403353
  0.0432316
   0.046387
  0.0498299
  0.0535895
  0.0576963
  0.0621826
  0.0670836
  0.0724387
  0.0782938
  0.0847047
  0.0917413
  0.0994943
   0.108084
   0.117671
   0.128479
   0.140814
   0.155109
   0.171972
   0.192263
   0.217172
   0.248232
   0.286946
   0.332952
   0.378416
   0.400866
   0.377565
   0.314387
   0.241685
   0.179654
   0.131631
  0.0949622
  0.0665013
  0.0438481
   0.025344
 0.00986622
-0.00334843
 -0.0148251
 -0.0249309
  -0.033926
 -0.0419981
 -0.0492847
 -0.0558885
 -0.0618882
 -0.0673455
 -0.0723106
 -0.0768255
 -0.0809271
 -0.0846483
 -0.0880199
 -0.0910705
 -0.0938279
 -0.0963183
 -0.0985673
  -0.100599
  -0.102436
  -0.104101
  -0.105612
  -0.106989
  -0.108246
  -0.109398
  -0.110456
  -0.111429
  -0.112326
  -0.113152
   -0.11391
  -0.114603
  -0.115232
  -0.115796
  -0.116295
  -0.116727
  -0.117091
  -0.117385
  -0.117607
  -0.117756
   -0.11783
          0
 0.00927699
