 0.0134192
 0.0135794
 0.0138972
 0.0143675
 0.0149829
 0.0157341
 0.0166107
 0.0176013
 0.0186944
 0.0198789
 0.0211447
 0.0224831
 0.0238877
 0.0253543
 0.0268815
 0.0284709
 0.0301273
 0.0318586
 0.0336757
 0.0355928
 0.0376265
 0.0397962
 0.0421233
 0.0446311
 0.0473444
 0.0502891
 0.0534923
 0.0569818
 0.0607863
 0.0649358
 0.0694619
 0.0743991
 0.0797861
  0.085668
 0.0920996
 0.0991497
  0.106907
  0.115491
  0.125059
  0.135831
   0.14811
  0.162319
  0.179055
  0.199158
  0.223786
  0.254413
  0.292436
   0.33731
  0.380955
  0.400843
  0.374784
  0.309354
  0.235259
  0.172486
  0.124086
 0.0872291
 0.0586805
 0.0359955
 0.0174925
0.00203655
-0.0111425
 -0.022574
-0.0326275
 -0.041565
-0.0495755
-0.0567973
 -0.063334
-0.0692648
 -0.074652
-0.0795462
  -0.08399
-0.0880205
-0.0916712
-0.0949729
-0.0979548
 -0.100645
 -0.103069
 -0.105255
 -0.107224
 -0.109002
 -0.110609
 -0.112066
  -0.11339
 -0.114598
 -0.115703
 -0.116718
 -0.117651
  -0.11851
 -0.119302
 -0.120028
 -0.120693
 -0.121296
 -0.121838
 -0.122318
 -0.122733
 -0.123083
 -0.123366
  -0.12358
 -0.123723
 -0.123795
         0
 0.0129767
