 -0.0364062
 -0.0362495
 -0.0359387
 -0.0354788
  -0.034877
 -0.0341425
 -0.0332854
 -0.0323168
 -0.0312479
 -0.0300894
 -0.0288512
 -0.0275413
  -0.026166
 -0.0247288
 -0.0232309
   -0.02167
  -0.020041
 -0.0183355
 -0.0165421
 -0.0146462
 -0.0126305
 -0.0104752
-0.00815822
-0.00565565
-0.00294189
9.91528e-06
 0.00322776
 0.00674066
  0.0105787
  0.0147735
  0.0193586
  0.0243708
  0.0298515
  0.0358493
  0.0424233
  0.0496477
  0.0576189
  0.0664647
  0.0763582
  0.0875374
   0.100334
   0.115217
   0.132853
   0.154202
   0.180622
    0.21395
   0.256243
   0.308114
   0.363074
   0.399065
   0.390549
   0.339675
   0.274761
   0.217032
   0.171331
   0.135947
    0.10822
  0.0859982
  0.0677514
  0.0524263
  0.0392992
  0.0278684
  0.0177811
 0.00878635
0.000702614
-0.00660337
 -0.0132313
 -0.0192576
 -0.0247423
 -0.0297343
  -0.034275
 -0.0384004
 -0.0421433
 -0.0455341
 -0.0486017
 -0.0513737
 -0.0538768
 -0.0561369
 -0.0581784
 -0.0600249
  -0.061698
 -0.0632181
 -0.0646034
 -0.0658701
 -0.0670323
 -0.0681016
 -0.0690878
 -0.0699982
 -0.0708382
 -0.0716115
 -0.0723199
 -0.0729641
 -0.0735436
  -0.074057
 -0.0745027
 -0.0748784
 -0.0751821
 -0.0754119
  -0.075566
 -0.0756434
          0
-0.00732642
