  0.0198369
  0.0200001
  0.0203241
  0.0208042
  0.0214333
   0.022203
  0.0231034
  0.0241239
  0.0252537
  0.0264824
  0.0278003
  0.0291994
  0.0306734
  0.0322184
   0.033833
  0.0355188
  0.0372802
  0.0391248
  0.0410631
  0.0431085
   0.045277
  0.0475872
  0.0500595
  0.0527163
  0.0555814
  0.0586797
   0.062037
    0.06568
  0.0696361
  0.0739342
  0.0786044
  0.0836799
  0.0891978
  0.0952017
   0.101745
   0.108893
   0.116735
   0.125383
   0.134995
   0.145784
   0.158045
   0.172191
   0.188803
   0.208694
   0.232974
   0.263037
   0.300132
   0.343459
   0.384593
   0.400923
   0.371021
   0.302437
   0.226391
   0.162582
   0.113665
  0.0765634
  0.0479191
  0.0252238
  0.0067633
-0.00861515
 -0.0216918
 -0.0330022
 -0.0429199
 -0.0517099
 -0.0595631
 -0.0666197
 -0.0729847
 -0.0787386
 -0.0839449
 -0.0886553
 -0.0929135
 -0.0967577
  -0.100222
  -0.103339
  -0.106138
  -0.108648
  -0.110896
   -0.11291
  -0.114713
   -0.11633
  -0.117783
  -0.119093
  -0.120278
  -0.121354
  -0.122337
  -0.123237
  -0.124064
  -0.124827
   -0.12553
  -0.126178
  -0.126771
  -0.127312
    -0.1278
  -0.128233
  -0.128609
  -0.128927
  -0.129185
   -0.12938
  -0.129511
  -0.129576
          0
  0.0190963
