  0.0176766
  0.0178384
  0.0181595
  0.0186349
  0.0192575
  0.0200182
  0.0209068
  0.0219125
  0.0230238
    0.02423
  0.0255212
  0.0268889
  0.0283268
  0.0298308
  0.0313995
  0.0330344
  0.0347402
  0.0365245
  0.0383981
  0.0403747
  0.0424709
  0.0447053
  0.0470992
  0.0496752
  0.0524577
  0.0554722
  0.0587451
  0.0623036
   0.066176
  0.0703914
   0.074981
  0.0799784
  0.0854216
  0.0913549
  0.0978321
   0.104921
   0.112709
   0.121314
   0.130891
   0.141657
   0.153911
   0.168069
   0.184721
   0.204689
   0.229104
   0.259393
   0.296868
   0.340835
   0.383016
   0.400838
   0.372554
   0.305303
   0.230084
   0.166716
   0.118017
  0.0810171
  0.0524089
  0.0297117
  0.0112254
-0.00419522
 -0.0173259
 -0.0286995
 -0.0386878
 -0.0475543
 -0.0554891
 -0.0626315
 -0.0690858
 -0.0749318
 -0.0802324
 -0.0850388
 -0.0893941
 -0.0933358
 -0.0968979
  -0.100112
  -0.103007
  -0.105611
  -0.107952
  -0.110056
  -0.111947
  -0.113649
  -0.115183
   -0.11657
  -0.117828
  -0.118973
  -0.120019
  -0.120979
  -0.121861
  -0.122674
  -0.123422
  -0.124111
  -0.124741
  -0.125313
  -0.125828
  -0.126284
   -0.12668
  -0.127014
  -0.127284
  -0.127489
  -0.127626
  -0.127695
          0
  0.0162767
