 -0.0115891
  -0.011432
 -0.0111203
 -0.0106595
  -0.010057
-0.00932228
-0.00846603
-0.00749979
-0.00643528
-0.00528373
-0.00405535
-0.00275876
-0.00140046
1.55203e-05
   0.001488
 0.00301885
 0.00461316
 0.00627924
 0.00802858
 0.00987573
  0.0118381
  0.0139355
  0.0161903
  0.0186264
  0.0212696
  0.0241468
  0.0272859
  0.0307159
  0.0344668
    0.03857
  0.0430585
  0.0479686
   0.053341
  0.0592231
  0.0656726
  0.0727617
  0.0805839
  0.0892634
  0.0989674
   0.109926
   0.122458
   0.137014
    0.15423
   0.175013
   0.200632
   0.232764
   0.273169
   0.321934
   0.371837
   0.400566
   0.384059
   0.326475
   0.257267
   0.197131
   0.150105
   0.113964
  0.0857843
  0.0632774
  0.0448414
  0.0293845
  0.0161609
 0.00465562
-0.00549195
  -0.014538
 -0.0226675
 -0.0300158
 -0.0366844
 -0.0427505
 -0.0482751
 -0.0533075
 -0.0578893
 -0.0620568
 -0.0658427
 -0.0692772
  -0.072389
 -0.0752054
 -0.0777529
 -0.0800568
 -0.0821412
 -0.0840292
 -0.0857421
 -0.0872998
 -0.0887203
 -0.0900195
 -0.0912112
 -0.0923071
 -0.0933166
 -0.0942473
 -0.0951045
 -0.0958921
 -0.0966122
 -0.0972656
 -0.0978521
 -0.0983709
 -0.0988203
 -0.0991986
  -0.099504
 -0.0997348
 -0.0998895
 -0.0999671
          0
 0.00109131
