   -0.125947
   -0.125059
     -0.1233
   -0.120703
   -0.117315
    -0.11319
   -0.108391
   -0.102982
   -0.097028
  -0.0905893
  -0.0837211
  -0.0764723
  -0.0688845
  -0.0609927
  -0.0528251
  -0.0444045
  -0.0357482
  -0.0268691
  -0.0177763
 -0.00847564
  0.00102989
   0.0107394
   0.0206539
   0.0307757
    0.041108
    0.051655
   0.0624211
   0.0734116
    0.084632
   0.0960892
    0.107791
    0.119749
    0.131979
    0.144501
    0.157348
    0.170565
    0.184217
    0.198398
     0.21324
    0.228931
    0.245736
    0.264022
      0.2843
    0.307257
    0.333764
    0.364719
     0.40032
     0.43757
    0.464133
    0.453826
    0.388819
    0.285808
    0.184438
     0.10472
   0.0464102
  0.00403042
  -0.0272524
  -0.0507975
  -0.0688189
  -0.0827742
  -0.0936389
    -0.10208
   -0.108563
   -0.113423
   -0.116905
   -0.119195
   -0.120435
   -0.120742
   -0.120211
   -0.118925
   -0.116956
    -0.11437
   -0.111231
   -0.107598
   -0.103528
  -0.0990769
  -0.0942977
   -0.089243
  -0.0839631
  -0.0785064
  -0.0729193
  -0.0672456
   -0.061527
   -0.055803
  -0.0501107
  -0.0444861
  -0.0389638
  -0.0335782
  -0.0283646
  -0.0233594
  -0.0186017
  -0.0141331
 -0.00999849
 -0.00624458
 -0.00291907
-6.81725e-05
  0.00226601
  0.00404799
  0.00525075
  0.00585649
           0
  0.00832817
