 -0.0377046
 -0.0376124
 -0.0374289
 -0.0371558
 -0.0367954
 -0.0363507
  -0.035825
 -0.0352219
 -0.0345444
 -0.0337954
  -0.032977
 -0.0320901
 -0.0311341
 -0.0301068
  -0.029004
 -0.0278194
 -0.0265444
 -0.0251678
 -0.0236763
 -0.0220541
 -0.0202833
 -0.0183439
 -0.0162142
  -0.013871
 -0.0112898
-0.00844485
-0.00530971
-0.00185689
  0.0019421
 0.00611716
  0.0107003
  0.0157266
  0.0212361
   0.027276
  0.0339042
   0.041194
  0.0492411
  0.0581732
  0.0681639
  0.0794524
  0.0923734
   0.107401
   0.125212
   0.146781
   0.173497
   0.207251
   0.250204
   0.303147
   0.359853
   0.398365
   0.392643
   0.344131
   0.280745
   0.223888
   0.178684
   0.143598
   0.116066
  0.0939816
  0.0758401
  0.0606009
  0.0475474
  0.0361812
  0.0261514
  0.0172076
 0.00916807
 0.00189903
 -0.0047002
 -0.0107071
 -0.0161832
 -0.0211788
 -0.0257368
 -0.0298951
 -0.0336879
 -0.0371474
 -0.0403041
 -0.0431873
 -0.0458253
 -0.0482448
 -0.0504717
 -0.0525299
 -0.0544416
  -0.056227
 -0.0579035
 -0.0594862
 -0.0609871
 -0.0624155
 -0.0637775
 -0.0650765
 -0.0663128
 -0.0674845
 -0.0685873
  -0.069615
   -0.07056
 -0.0714138
 -0.0721674
 -0.0728119
  -0.073339
 -0.0737412
 -0.0740128
 -0.0741497
          0
   0.016301
