 0.0182942
 0.0184578
 0.0187828
 0.0192649
 0.0198981
 0.0206748
  0.021586
 0.0226225
 0.0237745
 0.0250327
 0.0263884
 0.0278344
 0.0293651
 0.0309772
 0.0326695
 0.0344438
 0.0363045
 0.0382589
 0.0403172
 0.0424922
 0.0447993
 0.0472564
 0.0498829
 0.0527005
 0.0557319
 0.0590009
 0.0625323
 0.0663517
 0.0704855
 0.0749612
 0.0798081
  0.085058
 0.0907471
 0.0969178
  0.103622
  0.110925
  0.118912
  0.127698
  0.137437
  0.148339
  0.160699
  0.174926
  0.191596
  0.211516
  0.235783
   0.26577
  0.302683
  0.345648
   0.38613
  0.401466
  0.370424
  0.300849
  0.224155
  0.159989
  0.110891
 0.0737143
 0.0450574
 0.0223909
0.00398837
  -0.01131
-0.0242887
-0.0354864
-0.0452789
-0.0539327
-0.0616403
 -0.068543
-0.0747472
-0.0803344
-0.0853692
-0.0899045
 -0.093985
  -0.09765
 -0.100935
 -0.103873
 -0.106495
  -0.10883
 -0.110908
 -0.112756
 -0.114399
 -0.115863
  -0.11717
 -0.118342
 -0.119398
 -0.120355
 -0.121226
 -0.122026
 -0.122763
 -0.123444
 -0.124076
 -0.124661
 -0.125202
 -0.125697
 -0.126147
 -0.126549
 -0.126901
 -0.127199
 -0.127442
 -0.127627
 -0.127751
 -0.127814
         0
 0.0230736
