  0.0149379
  0.0150995
  0.0154206
  0.0158974
  0.0165241
  0.0172939
  0.0181984
  0.0192289
  0.0203766
  0.0216325
   0.022989
  0.0244392
  0.0259781
  0.0276026
  0.0293121
  0.0311085
  0.0329963
  0.0349828
  0.0370781
   0.039295
  0.0416488
  0.0441568
  0.0468386
  0.0497151
  0.0528089
  0.0561434
   0.059743
   0.063633
  0.0678392
   0.072389
  0.0773111
  0.0826372
   0.088403
  0.0946506
   0.101432
   0.108812
   0.116876
   0.125739
   0.135555
   0.146536
   0.158976
   0.173287
   0.190049
   0.210071
    0.23446
   0.264603
    0.30173
   0.345007
   0.385945
   0.401872
   0.371416
   0.302278
   0.225825
   0.161774
   0.112731
  0.0755861
  0.0469528
  0.0243091
 0.00593166
-0.00933802
 -0.0222841
 -0.0334452
 -0.0431971
 -0.0518067
 -0.0594667
 -0.0663189
 -0.0724699
 -0.0780016
 -0.0829791
 -0.0874557
 -0.0914764
  -0.095081
 -0.0983056
  -0.101183
  -0.103746
  -0.106024
  -0.108046
   -0.10984
  -0.111432
  -0.112847
   -0.11411
  -0.115241
   -0.11626
  -0.117184
  -0.118027
  -0.118802
  -0.119518
  -0.120184
  -0.120803
   -0.12138
  -0.121914
  -0.122407
  -0.122856
  -0.123259
  -0.123613
  -0.123914
  -0.124159
  -0.124347
  -0.124473
  -0.124536
          0
  0.0241709
