  -0.120017
  -0.119975
   -0.11989
  -0.119764
  -0.119599
  -0.119395
  -0.119155
   -0.11888
   -0.11857
  -0.118227
   -0.11785
  -0.117437
  -0.116986
   -0.11649
  -0.115945
   -0.11534
  -0.114666
  -0.113908
   -0.11305
  -0.112076
  -0.110965
  -0.109695
  -0.108242
  -0.106582
  -0.104687
   -0.10253
  -0.100082
 -0.0973122
 -0.0941896
 -0.0906808
 -0.0867501
  -0.082358
 -0.0774593
 -0.0720011
 -0.0659186
 -0.0591298
 -0.0515284
 -0.0429728
 -0.0332704
 -0.0221545
-0.00924936
 0.00598348
  0.0243281
  0.0469431
  0.0755518
   0.112677
   0.161705
    0.22575
   0.302208
   0.371368
   0.401858
   0.385963
   0.345046
   0.301778
    0.26465
   0.234499
   0.210096
   0.190054
   0.173269
   0.158928
   0.146454
   0.135435
   0.125576
   0.116664
   0.108546
   0.101107
  0.0942609
  0.0879427
  0.0821004
  0.0766915
    0.07168
  0.0670341
  0.0627246
  0.0587243
  0.0550069
   0.051547
  0.0483202
  0.0453028
  0.0424724
   0.039808
  0.0372903
  0.0349023
  0.0326291
  0.0304587
  0.0283818
  0.0263921
  0.0244864
  0.0226644
  0.0209286
  0.0192842
  0.0177385
  0.0163009
   0.014982
  0.0137934
  0.0127467
  0.0118536
  0.0111247
  0.0105692
  0.0101945
  0.0100059
          0
 -0.0142347
