 -0.125767
 -0.125716
 -0.125614
 -0.125463
 -0.125263
 -0.125018
 -0.124727
 -0.124395
  -0.12402
 -0.123606
  -0.12315
 -0.122653
 -0.122112
 -0.121522
 -0.120877
 -0.120169
 -0.119388
 -0.118519
 -0.117549
 -0.116461
 -0.115234
 -0.113847
 -0.112277
 -0.110499
 -0.108488
 -0.106215
 -0.103653
 -0.100771
-0.0975391
-0.0939236
-0.0898895
-0.0853975
 -0.080403
-0.0748533
-0.0686838
 -0.061813
-0.0541349
-0.0455079
-0.0357398
-0.0245639
-0.0116044
0.00367741
 0.0220665
 0.0447232
 0.0733751
  0.110554
  0.159665
  0.223866
  0.300628
  0.370315
  0.401493
   0.38628
  0.345882
  0.302967
   0.26608
  0.236106
  0.211843
  0.191921
  0.175244
  0.161006
  0.148633
  0.137714
  0.127956
  0.119147
  0.111134
  0.103802
 0.0970663
 0.0908608
 0.0851334
 0.0798418
 0.0749497
  0.070425
 0.0662385
 0.0623623
   0.05877
  0.055436
 0.0523352
 0.0494439
 0.0467392
 0.0441996
 0.0418056
 0.0395395
 0.0373863
 0.0353333
 0.0333709
 0.0314922
 0.0296936
 0.0279742
 0.0263362
  0.024784
 0.0233246
 0.0219667
 0.0207204
 0.0195967
 0.0186068
 0.0177618
  0.017072
 0.0165461
 0.0161914
 0.0160128
         0
-0.0172049
