   -0.102674
   -0.102532
    -0.10225
   -0.101832
   -0.101282
   -0.100607
  -0.0998141
  -0.0989108
  -0.0979048
  -0.0968037
  -0.0956138
  -0.0943406
  -0.0929876
  -0.0915563
  -0.0900462
  -0.0884539
  -0.0867736
  -0.0849965
  -0.0831115
  -0.0811043
  -0.0789587
  -0.0766557
  -0.0741747
  -0.0714929
  -0.0685864
  -0.0654297
  -0.0619961
   -0.058258
  -0.0541862
  -0.0497501
  -0.0449164
  -0.0396484
  -0.0339042
  -0.0276342
  -0.0207772
  -0.0132558
 -0.00496895
  0.00421838
     0.01449
   0.0261004
   0.0394069
   0.0549193
   0.0733739
   0.0958455
    0.123904
    0.159778
    0.206271
    0.265372
    0.332673
    0.387223
    0.400081
    0.368016
    0.315786
    0.265602
    0.224351
    0.191707
    0.165771
    0.144794
    0.127464
    0.112851
    0.100304
   0.0893653
   0.0797097
   0.0711041
   0.0633788
   0.0564087
   0.0500992
   0.0443779
   0.0391869
   0.0344787
   0.0302131
    0.026354
   0.0228685
   0.0197258
   0.0168963
   0.0143511
   0.0120626
   0.0100038
  0.00814905
  0.00647377
  0.00495514
  0.00357219
  0.00230607
  0.00114028
 6.07908e-05
-0.000943841
 -0.00188248
  -0.0027615
 -0.00358488
 -0.00435447
 -0.00507022
  -0.0057305
 -0.00633248
 -0.00687243
 -0.00734615
 -0.00774928
 -0.00807762
 -0.00832747
 -0.00849581
 -0.00858053
           0
  -0.0229406
