 -0.132409
 -0.132335
 -0.132188
 -0.131969
  -0.13168
 -0.131324
 -0.130903
  -0.13042
 -0.129877
 -0.129276
 -0.128619
 -0.127906
 -0.127135
 -0.126302
 -0.125404
 -0.124434
 -0.123381
 -0.122235
 -0.120981
 -0.119604
 -0.118085
 -0.116404
 -0.114539
 -0.112466
  -0.11016
 -0.107595
 -0.104744
 -0.101577
-0.0980651
-0.0941758
-0.0898748
 -0.085124
-0.0798795
-0.0740896
-0.0676908
-0.0606023
-0.0527192
-0.0439012
-0.0339569
-0.0226214
-0.0095207
 0.0058814
 0.0243659
 0.0470872
  0.075762
  0.112903
   0.16188
  0.225785
  0.301993
   0.37082
  0.401006
   0.38493
  0.343972
  0.300755
  0.263728
  0.233712
  0.209467
  0.189606
  0.173021
    0.1589
  0.146665
  0.135903
  0.126318
  0.117698
  0.109888
  0.102772
 0.0962642
 0.0902975
 0.0848193
  0.079786
 0.0751606
 0.0709101
 0.0670041
 0.0634142
 0.0601128
 0.0570733
 0.0542699
 0.0516775
 0.0492724
 0.0470321
  0.044936
 0.0429653
 0.0411038
 0.0393377
 0.0376562
 0.0360513
 0.0345178
 0.0330537
 0.0316596
 0.0303386
 0.0290961
 0.0279393
 0.0268767
 0.0259179
 0.0250726
 0.0243505
 0.0237606
 0.0233108
 0.0230072
 0.0228543
         0
-0.0219988
