  -0.121089
  -0.120965
  -0.120719
  -0.120353
  -0.119871
  -0.119278
   -0.11858
  -0.117781
  -0.116889
  -0.115908
  -0.114843
  -0.113697
  -0.112474
  -0.111172
   -0.10979
  -0.108323
  -0.106765
  -0.105107
  -0.103337
   -0.10144
 -0.0994003
 -0.0971986
 -0.0948143
 -0.0922251
 -0.0894071
  -0.086335
 -0.0829825
 -0.0793221
 -0.0753248
   -0.07096
 -0.0661945
 -0.0609915
 -0.0553088
 -0.0490962
 -0.0422921
 -0.0348181
 -0.0265717
 -0.0174159
-0.00716392
 0.00444312
  0.0177698
  0.0333375
  0.0519023
  0.0745743
   0.102989
   0.139499
   0.187156
   0.248431
   0.319685
   0.380496
   0.400892
   0.375741
   0.328366
    0.28118
   0.241757
   0.210267
   0.185096
   0.164648
     0.1477
   0.133371
    0.12104
   0.110269
   0.100745
  0.0922418
  0.0845967
  0.0776879
   0.071424
  0.0657342
  0.0605625
  0.0558625
  0.0515948
   0.047724
  0.0442178
  0.0410458
  0.0381786
  0.0355877
  0.0332456
  0.0311256
  0.0292021
  0.0274509
  0.0258494
   0.024377
  0.0230152
  0.0217483
  0.0205627
   0.019448
  0.0183962
  0.0174022
  0.0164633
  0.0155791
  0.0147512
  0.0139831
  0.0132792
  0.0126451
  0.0120868
  0.0116103
  0.0112213
  0.0109247
  0.0107246
  0.0106239
          0
 -0.0251898
