  -0.112836
  -0.112703
  -0.112437
  -0.112042
  -0.111522
  -0.110884
  -0.110132
  -0.109275
  -0.108319
  -0.107269
  -0.106133
  -0.104914
  -0.103615
  -0.102237
  -0.100778
 -0.0992359
 -0.0976032
 -0.0958715
  -0.094029
 -0.0920618
 -0.0899533
 -0.0876849
 -0.0852358
 -0.0825837
 -0.0797046
 -0.0765733
 -0.0731633
  -0.069447
 -0.0653955
 -0.0609782
 -0.0561619
 -0.0509099
 -0.0451802
  -0.038923
 -0.0320767
 -0.0245636
 -0.0162818
-0.00709535
 0.00318117
  0.0148046
  0.0281361
  0.0436915
  0.0622177
  0.0848082
   0.113067
   0.149289
   0.196406
   0.256659
   0.326038
   0.383859
   0.400637
   0.372153
   0.322428
   0.273787
   0.233475
   0.201424
   0.175882
    0.15518
   0.138051
   0.123589
    0.11116
   0.100315
  0.0907357
  0.0821928
  0.0745196
  0.0675926
   0.061319
  0.0556271
  0.0504598
  0.0457704
  0.0415187
  0.0376692
  0.0341891
  0.0310476
  0.0282153
  0.0256635
  0.0233644
  0.0212912
  0.0194182
  0.0177209
  0.0161765
  0.0147642
  0.0134654
  0.0122637
  0.0111453
  0.0100993
 0.00911716
 0.00819308
 0.00732367
 0.00650777
  0.0057462
 0.00504136
 0.00439695
 0.00381752
 0.00330811
 0.00287387
  0.0025197
 0.00224991
   0.002068
 0.00197642
          0
 -0.0243964
