 -0.129979
 -0.129917
 -0.129794
 -0.129611
  -0.12937
 -0.129072
  -0.12872
 -0.128317
 -0.127863
  -0.12736
  -0.12681
  -0.12621
  -0.12556
 -0.124855
  -0.12409
 -0.123257
 -0.122346
 -0.121345
 -0.120239
 -0.119013
 -0.117646
 -0.116118
 -0.114407
 -0.112488
 -0.110336
 -0.107923
 -0.105223
 -0.102205
-0.0988391
-0.0950931
-0.0909318
-0.0863167
-0.0812035
-0.0755399
-0.0692618
-0.0622882
-0.0545133
-0.0457962
-0.0359451
-0.0246939
-0.0116674
0.00367236
 0.0221091
 0.0448018
 0.0734756
  0.110659
   0.15975
  0.223899
  0.300569
  0.370132
  0.401194
   0.38591
  0.345492
   0.30259
  0.265736
  0.235807
  0.211597
  0.191737
  0.175128
  0.160966
  0.148675
  0.137844
   0.12818
  0.119471
  0.111564
  0.104343
 0.0977236
 0.0916388
 0.0860364
 0.0808738
 0.0761142
 0.0717252
 0.0676771
 0.0639418
 0.0604922
 0.0573023
 0.0543467
  0.051601
  0.049042
 0.0466477
  0.044398
 0.0422748
 0.0402624
 0.0383477
 0.0365205
 0.0347733
 0.0331018
 0.0315047
 0.0299833
 0.0285415
 0.0271855
 0.0259233
 0.0247644
 0.0237189
 0.0227977
 0.0220109
 0.0213684
 0.0208786
 0.0205481
 0.0203816
         0
-0.0198173
