  -0.131151
  -0.131051
  -0.130852
  -0.130556
  -0.130167
  -0.129686
  -0.129119
  -0.128469
   -0.12774
  -0.126936
   -0.12606
  -0.125113
  -0.124095
  -0.123005
   -0.12184
  -0.120594
   -0.11926
  -0.117826
  -0.116281
  -0.114608
  -0.112792
  -0.110813
  -0.108649
  -0.106278
  -0.103675
  -0.100816
 -0.0976732
 -0.0942188
 -0.0904238
  -0.086257
 -0.0816848
   -0.07667
 -0.0711696
 -0.0651328
 -0.0584971
  -0.051183
 -0.0430867
 -0.0340696
 -0.0239422
 -0.0124423
0.000800405
  0.0163159
  0.0348754
  0.0576159
  0.0862221
   0.123145
    0.17163
   0.234528
   0.308822
   0.374544
   0.400938
   0.381352
   0.337919
   0.293182
   0.255251
   0.224692
   0.200123
   0.180075
   0.163394
   0.149243
   0.137025
   0.126319
   0.116822
   0.108317
   0.100643
  0.0936839
  0.0873506
  0.0815747
  0.0763018
  0.0714869
  0.0670918
  0.0630823
   0.059427
  0.0560963
  0.0530615
   0.050295
    0.04777
  0.0454604
  0.0433414
  0.0413895
  0.0395829
  0.0379018
  0.0363288
  0.0348489
  0.0334499
  0.0321223
  0.0308597
  0.0296584
  0.0285173
  0.0274378
  0.0264234
  0.0254794
  0.0246125
  0.0238301
  0.0231403
  0.0225509
  0.0220692
  0.0217018
  0.0214539
   0.021329
          0
  -0.024805
