 -0.0115893
 -0.0114321
 -0.0111205
 -0.0106597
 -0.0100572
-0.00932242
-0.00846617
-0.00749993
-0.00643541
-0.00528386
-0.00405548
-0.00275889
-0.00140059
1.53943e-05
 0.00148788
 0.00301873
 0.00461305
 0.00627913
 0.00802847
 0.00987563
   0.011838
  0.0139355
  0.0161902
  0.0186264
  0.0212696
  0.0241467
  0.0272858
  0.0307159
  0.0344668
    0.03857
  0.0430585
  0.0479687
  0.0533411
  0.0592232
  0.0656727
  0.0727618
  0.0805841
  0.0892635
  0.0989676
   0.109926
   0.122459
   0.137014
   0.154231
   0.175013
   0.200633
   0.232765
    0.27317
   0.321935
   0.371838
   0.400568
    0.38406
   0.326477
   0.257268
   0.197132
   0.150105
   0.113964
  0.0857847
  0.0632777
  0.0448417
  0.0293847
  0.0161611
 0.00465578
-0.00549182
 -0.0145379
 -0.0226674
 -0.0300158
 -0.0366844
 -0.0427505
 -0.0482751
 -0.0533075
 -0.0578894
 -0.0620569
 -0.0658428
 -0.0692773
 -0.0723891
 -0.0752056
 -0.0777531
 -0.0800569
 -0.0821414
 -0.0840293
 -0.0857423
    -0.0873
 -0.0887205
 -0.0900197
 -0.0912114
 -0.0923073
 -0.0933168
 -0.0942475
 -0.0951047
 -0.0958923
 -0.0966124
 -0.0972658
 -0.0978524
 -0.0983711
 -0.0988205
 -0.0991989
 -0.0995043
  -0.099735
 -0.0998897
 -0.0999674
          0
 0.00109131
