 0.0134191
 0.0135794
 0.0138972
 0.0143675
 0.0149828
 0.0157341
 0.0166106
 0.0176012
 0.0186943
 0.0198788
 0.0211446
 0.0224831
 0.0238877
 0.0253543
 0.0268815
 0.0284709
 0.0301273
 0.0318585
 0.0336757
 0.0355928
 0.0376265
 0.0397962
 0.0421233
 0.0446311
 0.0473444
 0.0502891
 0.0534923
 0.0569818
 0.0607864
 0.0649359
  0.069462
 0.0743992
 0.0797862
 0.0856681
 0.0920997
 0.0991498
  0.106908
  0.115491
   0.12506
  0.135832
   0.14811
  0.162319
  0.179055
  0.199159
  0.223787
  0.254414
  0.292437
  0.337311
  0.380956
  0.400844
  0.374786
  0.309355
   0.23526
  0.172487
  0.124087
 0.0872296
 0.0586808
 0.0359958
 0.0174928
0.00203672
-0.0111424
-0.0225739
-0.0326274
 -0.041565
-0.0495755
-0.0567974
-0.0633341
-0.0692649
-0.0746521
-0.0795463
-0.0839901
-0.0880207
-0.0916713
-0.0949731
 -0.097955
 -0.100645
  -0.10307
 -0.105255
 -0.107225
 -0.109002
  -0.11061
 -0.112066
 -0.113391
 -0.114598
 -0.115704
 -0.116718
 -0.117651
 -0.118511
 -0.119302
 -0.120029
 -0.120693
 -0.121297
 -0.121838
 -0.122318
 -0.122734
 -0.123084
 -0.123366
  -0.12358
 -0.123723
 -0.123795
         0
 0.0129768
