 -0.0641679
 -0.0640131
 -0.0637058
 -0.0632507
 -0.0626542
 -0.0619247
 -0.0610714
 -0.0601043
 -0.0590337
 -0.0578694
   -0.05662
  -0.055293
 -0.0538937
 -0.0524253
 -0.0508884
 -0.0492805
 -0.0475963
 -0.0458274
 -0.0439626
 -0.0419875
 -0.0398853
 -0.0376365
 -0.0352195
 -0.0326108
 -0.0297856
 -0.0267173
 -0.0233785
 -0.0197405
 -0.0157737
 -0.0114466
-0.00672566
 -0.0015741
 0.00404992
  0.0101956
   0.016923
  0.0243079
   0.032449
  0.0414775
  0.0515712
  0.0629758
  0.0760345
  0.0912341
   0.109273
   0.131159
   0.158341
   0.192822
   0.236967
   0.291946
   0.352089
   0.395704
    0.39579
    0.35233
   0.292308
   0.237421
   0.193357
   0.158957
    0.13186
   0.110067
  0.0921326
  0.0770486
  0.0641183
  0.0528557
  0.0429181
  0.0340609
  0.0261067
   0.018925
  0.0124178
 0.00651011
 0.00114249
-0.00373353
-0.00815906
 -0.0121703
 -0.0158001
 -0.0190792
 -0.0220369
 -0.0247014
 -0.0271001
 -0.0292591
 -0.0312038
 -0.0329581
 -0.0345444
 -0.0359834
 -0.0372937
 -0.0384919
 -0.0395922
 -0.0406064
 -0.0415442
 -0.0424128
 -0.0432174
  -0.043961
 -0.0446453
 -0.0452702
 -0.0458346
 -0.0463368
 -0.0467741
  -0.047144
 -0.0474438
  -0.047671
 -0.0478236
 -0.0479003
          0
 -0.0149436
