 -0.00134457
 -0.00118681
-0.000874002
 -0.00041144
 0.000193315
 0.000930829
  0.00179031
  0.00276017
  0.00382866
  0.00498446
  0.00621729
  0.00751847
  0.00888139
    0.010302
   0.0117789
    0.013314
   0.0149122
   0.0165818
   0.0183342
   0.0201838
   0.0221479
   0.0242464
   0.0265011
   0.0289362
   0.0315771
   0.0344505
   0.0375843
   0.0410071
   0.0447486
   0.0488399
   0.0533136
   0.0582056
   0.0635559
   0.0694113
   0.0758285
   0.0828787
   0.0906538
   0.0992759
     0.10891
    0.119781
    0.132203
    0.146615
    0.163641
    0.184162
    0.209407
    0.240977
    0.280496
    0.327814
    0.375387
    0.400813
    0.380721
    0.320176
    0.249109
    0.187959
    0.140394
    0.103962
   0.0756219
   0.0530262
   0.0345426
   0.0190627
  0.00583154
 -0.00567139
    -0.01581
  -0.0248428
   -0.032956
  -0.0402862
  -0.0469354
  -0.0529815
  -0.0584859
  -0.0634983
  -0.0680605
  -0.0722089
  -0.0759763
  -0.0793932
  -0.0824882
  -0.0852887
   -0.087821
  -0.0901105
  -0.0921813
  -0.0940563
  -0.0957569
  -0.0973029
  -0.0987121
        -0.1
   -0.101182
   -0.102267
   -0.103267
   -0.104188
   -0.105037
   -0.105816
   -0.106528
   -0.107173
   -0.107753
   -0.108265
   -0.108709
   -0.109083
   -0.109384
   -0.109612
   -0.109764
   -0.109841
           0
  0.00527684
