  0.0176765
  0.0178384
  0.0181595
  0.0186349
  0.0192574
  0.0200181
  0.0209068
  0.0219124
  0.0230237
  0.0242299
  0.0255211
  0.0268889
  0.0283268
  0.0298308
  0.0313995
  0.0330344
  0.0347401
  0.0365244
  0.0383981
  0.0403747
  0.0424709
  0.0447053
  0.0470992
  0.0496752
  0.0524578
  0.0554723
  0.0587452
  0.0623037
  0.0661761
  0.0703915
  0.0749811
  0.0799785
  0.0854217
   0.091355
  0.0978323
   0.104921
    0.11271
   0.121314
   0.130891
   0.141658
   0.153911
    0.16807
   0.184721
   0.204689
   0.229104
   0.259394
   0.296869
   0.340836
   0.383018
   0.400839
   0.372556
   0.305304
   0.230085
   0.166717
   0.118018
  0.0810175
  0.0524092
   0.029712
  0.0112256
-0.00419507
 -0.0173258
 -0.0286995
 -0.0386878
 -0.0475543
 -0.0554892
 -0.0626316
 -0.0690859
 -0.0749319
 -0.0802325
 -0.0850389
 -0.0893942
  -0.093336
 -0.0968981
  -0.100112
  -0.103007
  -0.105612
  -0.107953
  -0.110056
  -0.111947
  -0.113649
  -0.115183
   -0.11657
  -0.117828
  -0.118973
  -0.120019
  -0.120979
  -0.121861
  -0.122674
  -0.123423
  -0.124111
  -0.124741
  -0.125313
  -0.125828
  -0.126285
  -0.126681
  -0.127015
  -0.127285
  -0.127489
  -0.127626
  -0.127695
          0
  0.0162767
