 -0.00291927
 -0.00277629
 -0.00249182
 -0.00206874
 -0.00151118
-0.000824343
-1.41879e-05
 0.000912864
   0.0019503
   0.0030919
  0.00433215
  0.00566661
  0.00709231
  0.00860807
   0.0102148
   0.0119158
   0.0137166
   0.0156256
   0.0176535
   0.0198135
   0.0221212
   0.0245943
   0.0272522
    0.030116
    0.033208
   0.0365517
   0.0401713
    0.044092
   0.0483397
   0.0529416
   0.0579269
   0.0633273
   0.0691793
   0.0755257
   0.0824194
   0.0899276
   0.0981383
    0.107169
    0.117179
    0.128389
    0.141105
    0.155755
    0.172949
    0.193544
    0.218728
     0.25003
    0.288938
    0.335056
    0.380475
    0.402621
    0.378769
    0.314953
    0.241743
    0.179399
    0.131226
    0.094527
   0.0661251
   0.0436004
   0.0252808
   0.0100348
 -0.00290732
  -0.0140759
  -0.0238422
  -0.0324702
  -0.0401512
  -0.0470258
  -0.0532002
  -0.0587562
  -0.0637587
  -0.0682612
  -0.0723091
  -0.0759427
  -0.0791983
  -0.0821099
  -0.0847098
  -0.0870289
  -0.0890968
   -0.090942
  -0.0925915
  -0.0940711
  -0.0954044
  -0.0966132
  -0.0977169
  -0.0987325
  -0.0996745
   -0.100554
   -0.101381
   -0.102161
   -0.102897
   -0.103592
   -0.104244
   -0.104851
   -0.105409
   -0.105914
   -0.106361
   -0.106743
   -0.107056
   -0.107296
   -0.107457
   -0.107539
           0
    0.023895
