 -0.0283009
 -0.0281945
 -0.0279826
 -0.0276671
  -0.027251
 -0.0267376
 -0.0261307
 -0.0254346
 -0.0246532
 -0.0237901
 -0.0228481
 -0.0218291
 -0.0207333
 -0.0195595
 -0.0183042
  -0.016962
 -0.0155251
 -0.0139832
 -0.0123236
 -0.0105313
-0.00858913
-0.00647788
-0.00417652
 -0.0016625
 0.00108802
 0.00409992
 0.00739903
   0.011012
  0.0149666
  0.0192918
  0.0240187
  0.0291814
  0.0348189
   0.040977
  0.0477121
  0.0550959
  0.0632218
  0.0722148
  0.0822445
   0.093545
   0.106443
   0.121401
   0.139077
   0.160414
   0.186744
   0.219859
   0.261729
   0.312806
   0.366371
   0.400251
   0.389317
   0.336333
   0.270023
     0.2115
   0.165373
   0.129772
   0.101953
  0.0797148
  0.0615031
   0.046249
  0.0332194
   0.021906
  0.0119512
 0.00310014
-0.00483185
  -0.011981
 -0.0184498
 -0.0243171
 -0.0296458
 -0.0344873
 -0.0388853
 -0.0428785
 -0.0465022
 -0.0497891
 -0.0527704
 -0.0554761
  -0.057935
 -0.0601745
  -0.062221
 -0.0640991
 -0.0658316
 -0.0674391
 -0.0689398
 -0.0703494
 -0.0716808
 -0.0729437
 -0.0741452
 -0.0752895
 -0.0763778
  -0.077409
 -0.0783799
 -0.0792851
 -0.0801182
 -0.0808715
 -0.0815369
 -0.0821064
 -0.0825724
 -0.0829283
 -0.0831686
 -0.0832898
          0
  0.0188437
