 -0.0192835
 -0.0191634
 -0.0189244
 -0.0185687
 -0.0180995
 -0.0175208
 -0.0168371
 -0.0160533
 -0.0151741
  -0.014204
 -0.0131468
 -0.0120051
 -0.0107801
-0.00947141
-0.00807649
-0.00659068
-0.00500692
-0.00331572
-0.00150516
0.000439067
 0.00253351
 0.00479673
 0.00724912
 0.00991259
  0.0128104
  0.0159667
  0.0194067
  0.0231564
  0.0272429
  0.0316943
  0.0365409
  0.0418159
  0.0475572
  0.0538096
   0.060628
  0.0680825
  0.0762643
  0.0852958
  0.0953429
   0.106635
    0.11949
    0.13436
   0.151884
   0.172974
    0.19891
   0.231386
   0.272195
    0.32147
   0.372039
   0.401557
   0.385769
   0.328669
   0.259705
   0.199691
   0.152754
    0.11671
  0.0886497
  0.0662895
  0.0480279
  0.0327717
  0.0197731
 0.00851493
-0.00136583
 -0.0101279
 -0.0179586
 -0.0249962
 -0.0313447
 -0.0370841
 -0.0422784
 -0.0469798
 -0.0512329
 -0.0550771
 -0.0585482
 -0.0616795
 -0.0645029
 -0.0670486
 -0.0693461
 -0.0714233
 -0.0733068
 -0.0750219
 -0.0765918
 -0.0780376
 -0.0793781
 -0.0806296
 -0.0818054
 -0.0829161
 -0.0839695
 -0.0849705
 -0.0859212
 -0.0868216
  -0.087669
 -0.0884595
 -0.0891872
 -0.0898456
 -0.0904277
 -0.0909261
 -0.0913342
 -0.0916461
 -0.0918568
  -0.091963
          0
  0.0209907
