 -0.0107751
 -0.0106426
 -0.0103791
-0.00998702
-0.00947001
-0.00883267
-0.00808023
 -0.0072183
-0.00625253
-0.00518825
-0.00403009
-0.00278162
-0.00144494
-2.0453e-05
 0.00149352
 0.00310089
 0.00480797
 0.00662358
 0.00855901
   0.010628
  0.0128464
  0.0152324
  0.0178057
  0.0205879
  0.0236016
  0.0268705
  0.0304193
  0.0342735
  0.0384595
  0.0430048
  0.0479391
  0.0532949
   0.059109
  0.0654253
  0.0722976
  0.0797943
   0.088005
  0.0970492
    0.10709
   0.118351
   0.131144
    0.14591
   0.163271
    0.18411
   0.209659
   0.241522
    0.28133
   0.328932
   0.376755
   0.402321
   0.382186
   0.321445
   0.250164
   0.188869
   0.141247
   0.104837
  0.0765838
  0.0541294
  0.0358337
  0.0205821
 0.00761473
-0.00359293
 -0.0134086
 -0.0220939
 -0.0298386
 -0.0367822
   -0.04303
 -0.0486631
  -0.053746
 -0.0583318
 -0.0624656
 -0.0661873
  -0.069533
 -0.0725365
 -0.0752301
 -0.0776443
 -0.0798088
 -0.0817519
 -0.0835006
 -0.0850802
 -0.0865145
  -0.087825
 -0.0890307
 -0.0901484
 -0.0911921
 -0.0921729
 -0.0930992
 -0.0939766
 -0.0948081
 -0.0955943
 -0.0963337
 -0.0970232
 -0.0976579
 -0.0982323
 -0.0987402
 -0.0991753
 -0.0995317
 -0.0998041
 -0.0999882
  -0.100081
          0
  0.0226901
