 0.0199918
 0.0201558
 0.0204814
 0.0209642
 0.0215976
 0.0223734
 0.0232824
 0.0243144
 0.0254591
 0.0267066
 0.0280478
 0.0294749
  0.030982
 0.0325653
 0.0342236
 0.0359585
 0.0377743
 0.0396785
 0.0416814
 0.0437961
 0.0460383
  0.048426
 0.0509793
 0.0537202
 0.0566717
 0.0598584
 0.0633055
 0.0670389
 0.0710858
  0.075474
 0.0802334
 0.0853964
 0.0909996
 0.0970857
  0.103707
   0.11093
   0.11884
  0.127552
   0.13722
  0.148056
  0.160354
  0.174524
  0.191143
  0.211018
  0.235248
  0.265209
  0.302113
  0.345098
  0.385653
  0.401136
  0.370294
  0.300918
  0.224369
  0.160289
  0.111236
 0.0740754
 0.0454151
 0.0227309
0.00429977
-0.0110361
-0.0240601
-0.0353095
-0.0451595
-0.0538758
-0.0616504
-0.0686241
-0.0749025
-0.0805669
-0.0856812
-0.0902977
-0.0944608
 -0.098209
 -0.101577
 -0.104599
 -0.107303
 -0.109719
 -0.111876
 -0.113801
 -0.115518
 -0.117052
 -0.118426
 -0.119661
 -0.120775
 -0.121786
 -0.122707
 -0.123551
 -0.124327
 -0.125043
 -0.125705
 -0.126316
 -0.126878
 -0.127392
 -0.127856
 -0.128269
  -0.12863
 -0.128935
 -0.129183
  -0.12937
 -0.129497
  -0.12956
         0
 0.0213752
