  -0.103614
  -0.103306
   -0.10267
  -0.101668
  -0.100248
 -0.0983518
 -0.0959269
 -0.0929326
 -0.0893459
 -0.0851615
 -0.0803892
 -0.0750505
 -0.0691743
 -0.0627937
 -0.0559432
 -0.0486564
 -0.0409652
 -0.0328985
 -0.0244815
 -0.0157362
-0.00668093
 0.00266948
  0.0123031
  0.0222107
  0.0323854
  0.0428222
  0.0535181
  0.0644713
  0.0756818
  0.0871513
  0.0988842
   0.110888
   0.123175
   0.135765
   0.148687
   0.161987
   0.175727
   0.190003
   0.204948
   0.220751
    0.23768
   0.256109
   0.276559
   0.299734
   0.326535
   0.357918
   0.394185
    0.43252
   0.460853
     0.4531
   0.390924
   0.290315
   0.190504
   0.111678
   0.053878
  0.0118039
 -0.0192812
 -0.0426875
 -0.0606036
 -0.0744731
 -0.0852639
 -0.0936383
  -0.100061
  -0.104864
  -0.108294
  -0.110535
  -0.111733
  -0.112004
  -0.111446
  -0.110143
  -0.108171
    -0.1056
  -0.102496
 -0.0989239
 -0.0949457
 -0.0906232
 -0.0860176
 -0.0811892
 -0.0761978
 -0.0711022
 -0.0659604
  -0.060829
 -0.0557636
  -0.050818
 -0.0460445
 -0.0414937
  -0.037214
 -0.0332516
 -0.0296497
 -0.0264472
 -0.0236772
 -0.0213641
 -0.0195201
 -0.0181403
 -0.0171976
  -0.016639
 -0.0163844
 -0.0163332
  -0.016378
 -0.0164272
          0
  0.0159947
