   -0.104946
   -0.104912
   -0.104846
   -0.104747
   -0.104618
   -0.104458
   -0.104271
   -0.104057
   -0.103817
    -0.10355
   -0.103257
   -0.102935
    -0.10258
   -0.102187
   -0.101749
   -0.101257
   -0.100698
   -0.100059
  -0.0993233
  -0.0984726
  -0.0974862
  -0.0963414
  -0.0950139
  -0.0934777
  -0.0917055
  -0.0896688
   -0.087338
  -0.0846825
  -0.0816703
  -0.0782676
  -0.0744383
  -0.0701424
  -0.0653348
  -0.0599622
  -0.0539597
  -0.0472455
  -0.0397135
  -0.0312225
  -0.0215808
  -0.0105232
   0.0023236
   0.0174934
   0.0357623
   0.0582735
   0.0867212
     0.12357
    0.172085
     0.23514
    0.309725
    0.375803
     0.40245
    0.382918
    0.339363
    0.294405
    0.256202
    0.225335
    0.200424
        0.18
    0.162909
    0.148312
    0.135613
    0.124391
    0.114344
    0.105254
   0.0969642
   0.0893583
    0.082349
   0.0758697
   0.0698677
   0.0643003
    0.059131
    0.054328
   0.0498621
   0.0457059
   0.0418333
   0.0382192
   0.0348391
   0.0316699
   0.0286893
   0.0258767
   0.0232132
   0.0206821
   0.0182689
   0.0159621
   0.0137529
   0.0116354
  0.00960681
  0.00766747
  0.00582041
  0.00407129
  0.00242808
 0.000900596
-0.000499956
 -0.00176152
 -0.00287178
 -0.00381873
  -0.0045913
 -0.00517985
 -0.00557671
 -0.00577651
           0
 -0.00752409
