 -0.0671809
 -0.0671278
 -0.0670221
 -0.0668651
 -0.0666583
 -0.0664035
 -0.0661029
 -0.0657583
 -0.0653712
 -0.0649426
 -0.0644726
 -0.0639599
 -0.0634019
 -0.0627942
 -0.0621305
 -0.0614022
 -0.0605985
 -0.0597062
 -0.0587099
 -0.0575918
 -0.0563319
 -0.0549083
 -0.0532973
 -0.0514736
 -0.0494108
 -0.0470812
 -0.0444561
 -0.0415058
 -0.0381994
 -0.0345047
 -0.0303869
 -0.0258079
 -0.0207246
  -0.015086
-0.00883022
-0.00187881
 0.00586998
  0.0145516
    0.02435
  0.0355191
  0.0484151
  0.0635449
  0.0816394
   0.103763
   0.131466
   0.166937
   0.212899
   0.271187
   0.337136
   0.389605
   0.399961
    0.36557
    0.31165
   0.260344
   0.218317
   0.185077
   0.158636
   0.137192
   0.119404
   0.104327
  0.0912995
   0.079859
   0.069677
  0.0605184
  0.0522125
  0.0446338
   0.037688
  0.0313028
  0.0254211
  0.0199963
  0.0149888
   0.010364
 0.00609006
 0.00213755
-0.00152169
-0.00491467
-0.00806738
 -0.0110047
 -0.0137503
 -0.0163263
 -0.0187527
 -0.0210477
 -0.0232269
 -0.0253032
 -0.0272865
  -0.029184
 -0.0309995
  -0.032734
 -0.0343857
 -0.0359502
 -0.0374206
 -0.0387883
 -0.0400433
 -0.0411746
  -0.042171
 -0.0430214
 -0.0437157
 -0.0442448
 -0.0446018
 -0.0447815
          0
 0.00687057
