 -0.0473875
 -0.0473095
 -0.0471542
  -0.046923
 -0.0466181
  -0.046242
 -0.0457975
 -0.0452874
 -0.0447143
 -0.0440804
 -0.0433868
 -0.0426337
 -0.0418197
 -0.0409418
 -0.0399951
 -0.0389723
  -0.037864
 -0.0366584
 -0.0353413
 -0.0338962
 -0.0323044
 -0.0305453
 -0.0285964
 -0.0264338
 -0.0240322
 -0.0213652
 -0.0184056
 -0.0151251
 -0.0114944
-0.00748263
-0.00305696
 0.00181885
 0.00718591
  0.0130927
  0.0195986
  0.0267788
  0.0347311
  0.0435859
  0.0535204
  0.0647794
   0.077705
  0.0927829
   0.110709
    0.13249
   0.159569
   0.193942
    0.23796
   0.292767
   0.352655
   0.395912
   0.395595
   0.351775
   0.291495
   0.236434
   0.192242
   0.157732
    0.13053
   0.108631
   0.090583
  0.0753762
  0.0623118
  0.0509027
  0.0408052
  0.0317736
  0.0236299
  0.0162427
 0.00951341
 0.00336627
-0.00225883
-0.00741106
 -0.0121322
 -0.0164591
 -0.0204253
 -0.0240619
 -0.0273989
 -0.0304647
 -0.0332867
 -0.0358914
 -0.0383036
 -0.0405468
 -0.0426424
   -0.04461
 -0.0464663
 -0.0482257
 -0.0498995
 -0.0514961
 -0.0530209
 -0.0544765
 -0.0558623
 -0.0571756
  -0.058411
 -0.0595616
 -0.0606187
  -0.061573
 -0.0624146
 -0.0631338
 -0.0637216
 -0.0641699
 -0.0644725
  -0.064625
          0
  0.0134182
