 -0.0961329
 -0.0960992
 -0.0960323
 -0.0959331
 -0.0958029
 -0.0956429
 -0.0954548
 -0.0952396
 -0.0949983
  -0.094731
 -0.0944367
 -0.0941135
 -0.0937576
 -0.0933638
 -0.0929247
 -0.0924309
 -0.0918706
 -0.0912298
 -0.0904921
  -0.089639
 -0.0886495
 -0.0875011
 -0.0861693
 -0.0846279
 -0.0828496
 -0.0808058
 -0.0784669
 -0.0758022
 -0.0727797
 -0.0693657
  -0.065524
  -0.061215
 -0.0563936
 -0.0510069
 -0.0449901
 -0.0382619
 -0.0307169
 -0.0222146
 -0.0125644
-0.00150293
  0.0113404
   0.026495
  0.0447291
  0.0671725
  0.0954935
   0.132106
   0.180176
    0.24238
   0.315385
   0.378917
   0.402454
   0.380031
    0.33442
   0.288177
   0.249179
   0.217803
   0.192549
   0.171883
   0.154614
   0.139881
   0.127076
   0.115767
   0.105648
  0.0964989
  0.0881584
  0.0805089
  0.0734619
  0.0669496
  0.0609187
  0.0553257
  0.0501338
  0.0453107
  0.0408267
  0.0366542
   0.032767
  0.0291395
  0.0257474
  0.0225672
  0.0195765
  0.0167547
  0.0140828
  0.0115439
 0.00912358
 0.00681023
 0.00459494
 0.00247189
 0.00043829
-0.00150567
-0.00335694
-0.00510985
-0.00675648
-0.00828702
-0.00969026
 -0.0109542
 -0.0120664
  -0.013015
 -0.0137889
 -0.0143785
  -0.014776
 -0.0149761
          0
-0.00393625
