 -0.0770696
 -0.0770259
  -0.076939
 -0.0768099
   -0.07664
 -0.0764311
 -0.0761848
 -0.0759027
 -0.0755861
 -0.0752354
 -0.0748503
 -0.0744292
 -0.0739689
 -0.0734645
 -0.0729092
 -0.0722939
 -0.0716075
 -0.0708362
 -0.0699641
  -0.068973
 -0.0678424
 -0.0665501
 -0.0650718
 -0.0633818
 -0.0614533
  -0.059258
 -0.0567667
 -0.0539494
 -0.0507745
  -0.047209
 -0.0432176
 -0.0387616
 -0.0337968
 -0.0282714
 -0.0221224
   -0.01527
-0.00761102
 0.00099215
  0.0107261
  0.0218488
  0.0347221
  0.0498618
  0.0680136
  0.0902675
   0.118219
   0.154144
   0.200932
   0.260734
   0.329378
   0.386022
   0.401299
   0.371331
    0.32045
   0.270973
   0.230024
   0.197437
   0.171401
   0.150213
   0.132587
   0.117607
   0.104633
  0.0932124
  0.0830242
  0.0738391
  0.0654901
  0.0578543
  0.0508397
  0.0443756
  0.0384064
  0.0328866
  0.0277778
  0.0230461
  0.0186608
  0.0145931
  0.0108156
 0.00730193
 0.00402678
0.000965843
 -0.0019039
-0.00460393
-0.00715392
-0.00957135
 -0.0118713
 -0.0140661
 -0.0161652
 -0.0181751
 -0.0200993
  -0.021938
 -0.0236889
  -0.025347
 -0.0269049
 -0.0283534
  -0.029682
  -0.030879
 -0.0319329
  -0.032832
 -0.0335657
 -0.0341248
 -0.0345019
 -0.0346917
          0
 0.00333232
