  -0.102511
  -0.102437
  -0.102263
  -0.101935
  -0.101378
  -0.100506
 -0.0992331
 -0.0974889
 -0.0952224
 -0.0924049
 -0.0890274
 -0.0850972
 -0.0806326
 -0.0756588
  -0.070205
 -0.0643011
 -0.0579765
  -0.051258
   -0.04417
 -0.0367334
 -0.0289658
 -0.0208812
 -0.0124909
-0.00380298
 0.00517676
  0.0144448
  0.0239996
  0.0338413
  0.0439721
  0.0543962
  0.0651206
  0.0761558
  0.0875179
  0.0992303
   0.111327
   0.123858
   0.136894
   0.150537
    0.16493
   0.180279
    0.19687
   0.215111
   0.235573
   0.259048
   0.286589
   0.319436
   0.358429
    0.40175
   0.438828
   0.444375
   0.397571
   0.310487
   0.219734
    0.14618
  0.0913341
  0.0509015
   0.020696
-0.00229845
 -0.0201096
 -0.0340896
 -0.0451509
 -0.0539216
 -0.0608431
 -0.0662328
 -0.0703245
 -0.0732949
 -0.0752818
 -0.0763962
 -0.0767306
 -0.0763653
 -0.0753724
 -0.0738186
 -0.0717671
 -0.0692796
 -0.0664162
 -0.0632367
 -0.0598003
  -0.056166
 -0.0523924
 -0.0485374
 -0.0446584
 -0.0408118
 -0.0370529
 -0.0334354
 -0.0300119
 -0.0268326
 -0.0239458
 -0.0213965
 -0.0192254
 -0.0174678
 -0.0161499
  -0.015286
 -0.0148728
 -0.0148837
 -0.0152621
 -0.0159169
 -0.0167225
 -0.0175281
 -0.0181778
 -0.0185405
          0
  0.0143062
