 -0.0779162
  -0.077764
 -0.0774618
 -0.0770139
 -0.0764263
 -0.0757067
 -0.0748639
 -0.0739071
 -0.0728459
 -0.0716893
 -0.0704455
 -0.0691211
 -0.0677212
 -0.0662484
 -0.0647029
 -0.0630822
 -0.0613808
 -0.0595903
 -0.0576995
 -0.0556941
 -0.0535575
 -0.0512705
 -0.0488118
 -0.0461583
 -0.0432853
 -0.0401667
 -0.0367755
 -0.0330832
 -0.0290603
 -0.0246757
  -0.019896
 -0.0146844
  -0.008999
-0.00279041
  0.0040018
  0.0114541
  0.0196659
  0.0287699
  0.0389463
  0.0504437
  0.0636109
  0.0789427
  0.0971512
   0.119268
   0.146786
   0.181786
   0.226785
   0.283235
   0.345886
   0.393276
    0.39771
   0.358079
   0.300641
   0.247294
    0.20414
   0.170301
   0.143572
   0.122038
   0.104295
  0.0893614
  0.0765549
  0.0653986
  0.0555554
  0.0467843
  0.0389102
  0.0318044
  0.0253698
  0.0195322
  0.0142327
 0.00942289
 0.00506195
 0.00111371
-0.00245482
-0.00567453
-0.00857488
 -0.0111843
 -0.0135304
 -0.0156397
 -0.0175377
 -0.0192486
 -0.0207951
  -0.022198
 -0.0234761
 -0.0246461
 -0.0257222
 -0.0267162
 -0.0276376
 -0.0284934
 -0.0292886
 -0.0300259
 -0.0307064
 -0.0313299
 -0.0318946
 -0.0323983
 -0.0328381
 -0.0332108
 -0.0335133
 -0.0337429
 -0.0338973
 -0.0339749
          0
 -0.0181566
