  -0.127229
  -0.127116
  -0.126893
   -0.12656
  -0.126122
  -0.125582
  -0.124946
  -0.124218
  -0.123402
  -0.122504
  -0.121527
  -0.120473
  -0.119345
   -0.11814
  -0.116857
  -0.115491
  -0.114034
  -0.112477
  -0.110807
   -0.10901
  -0.107068
  -0.104964
  -0.102677
  -0.100183
 -0.0974582
 -0.0944782
 -0.0912163
 -0.0876446
 -0.0837343
 -0.0794545
 -0.0747719
 -0.0696494
 -0.0640447
 -0.0579072
 -0.0511749
 -0.0437687
 -0.0355858
  -0.026488
 -0.0162874
-0.00472315
 0.00857227
  0.0241249
  0.0426991
  0.0654193
  0.0939477
    0.13069
   0.178804
   0.240963
   0.313864
   0.377328
   0.400958
   0.378803
   0.333548
    0.28768
   0.249062
   0.218077
   0.193235
   0.173009
   0.156213
   0.141989
   0.129731
   0.119007
   0.109511
   0.101021
  0.0933767
  0.0864575
  0.0801737
  0.0744559
  0.0692488
  0.0645067
  0.0601907
  0.0562661
   0.052701
  0.0494652
  0.0465297
  0.0438664
  0.0414481
  0.0392483
  0.0372418
  0.0354047
  0.0337147
  0.0321515
  0.0306972
  0.0293363
   0.028056
  0.0268462
  0.0256998
  0.0246121
  0.0235814
  0.0226082
   0.021695
   0.020846
   0.020067
  0.0193644
  0.0187451
  0.0182162
  0.0177841
  0.0174545
  0.0172321
  0.0171201
          0
 -0.0253198
