 -0.129979
 -0.129917
 -0.129794
 -0.129611
  -0.12937
 -0.129072
 -0.128721
 -0.128317
 -0.127863
 -0.127361
  -0.12681
 -0.126211
  -0.12556
 -0.124855
  -0.12409
 -0.123257
 -0.122346
 -0.121345
  -0.12024
 -0.119013
 -0.117646
 -0.116119
 -0.114407
 -0.112488
 -0.110336
 -0.107924
 -0.105223
 -0.102205
-0.0988394
-0.0950934
-0.0909321
-0.0863169
-0.0812037
-0.0755401
 -0.069262
-0.0622883
-0.0545134
-0.0457964
-0.0359452
-0.0246939
-0.0116674
 0.0036724
 0.0221092
  0.044802
 0.0734759
  0.110659
  0.159751
    0.2239
   0.30057
  0.370133
  0.401196
  0.385911
  0.345493
  0.302591
  0.265737
  0.235808
  0.211598
  0.191738
  0.175129
  0.160967
  0.148675
  0.137844
   0.12818
  0.119472
  0.111564
  0.104344
 0.0977239
  0.091639
 0.0860367
  0.080874
 0.0761144
 0.0717254
 0.0676773
 0.0639419
 0.0604924
 0.0573024
 0.0543469
 0.0516012
 0.0490422
 0.0466479
 0.0443982
  0.042275
 0.0402626
 0.0383479
 0.0365206
 0.0347734
  0.033102
 0.0315048
 0.0299834
 0.0285416
 0.0271856
 0.0259234
 0.0247645
 0.0237191
 0.0227978
  0.022011
 0.0213685
 0.0208787
 0.0205482
 0.0203817
         0
-0.0198174
