   -0.102674
   -0.102532
   -0.102251
   -0.101832
   -0.101282
   -0.100607
  -0.0998144
  -0.0989111
  -0.0979052
   -0.096804
  -0.0956142
  -0.0943409
  -0.0929879
  -0.0915567
  -0.0900465
  -0.0884542
  -0.0867739
  -0.0849968
  -0.0831118
  -0.0811046
   -0.078959
   -0.076656
  -0.0741749
  -0.0714932
  -0.0685866
  -0.0654299
  -0.0619963
  -0.0582582
  -0.0541864
  -0.0497503
  -0.0449165
  -0.0396486
  -0.0339044
  -0.0276343
  -0.0207773
  -0.0132559
 -0.00496901
  0.00421835
     0.01449
   0.0261004
    0.039407
   0.0549194
    0.073374
   0.0958458
    0.123905
    0.159779
    0.206271
    0.265373
    0.332674
    0.387224
    0.400082
    0.368017
    0.315787
    0.265603
    0.224352
    0.191707
    0.165771
    0.144794
    0.127464
    0.112851
    0.100304
   0.0893657
     0.07971
   0.0711044
   0.0633791
   0.0564089
   0.0500994
   0.0443781
    0.039187
   0.0344789
   0.0302132
   0.0263541
   0.0228686
   0.0197259
   0.0168964
   0.0143512
   0.0120627
   0.0100039
  0.00814912
  0.00647383
   0.0049552
  0.00357225
  0.00230612
  0.00114032
 6.08317e-05
-0.000943803
 -0.00188245
 -0.00276147
 -0.00358485
 -0.00435445
  -0.0050702
 -0.00573048
 -0.00633246
 -0.00687242
 -0.00734614
 -0.00774927
 -0.00807761
 -0.00832746
  -0.0084958
 -0.00858052
           0
  -0.0229407
