   -0.12109
  -0.120966
  -0.120719
  -0.120353
  -0.119872
  -0.119279
   -0.11858
  -0.117781
  -0.116889
  -0.115908
  -0.114843
  -0.113698
  -0.112474
  -0.111172
   -0.10979
  -0.108324
  -0.106766
  -0.105108
  -0.103337
  -0.101441
 -0.0994007
 -0.0971989
 -0.0948147
 -0.0922254
 -0.0894074
 -0.0863353
 -0.0829828
 -0.0793223
  -0.075325
 -0.0709602
 -0.0661947
 -0.0609917
  -0.055309
 -0.0490964
 -0.0422923
 -0.0348182
 -0.0265718
  -0.017416
-0.00716396
 0.00444311
  0.0177699
  0.0333376
  0.0519024
  0.0745745
   0.102989
   0.139499
   0.187157
   0.248432
   0.319685
   0.380497
   0.400893
   0.375743
   0.328367
   0.281181
   0.241758
   0.210268
   0.185096
   0.164649
     0.1477
   0.133371
   0.121041
   0.110269
   0.100745
  0.0922421
   0.084597
  0.0776882
  0.0714242
  0.0657344
  0.0605627
  0.0558627
  0.0515949
  0.0477241
   0.044218
   0.041046
  0.0381787
  0.0355878
  0.0332457
  0.0311257
  0.0292022
   0.027451
  0.0258495
   0.024377
  0.0230153
  0.0217483
  0.0205628
  0.0194481
  0.0183963
  0.0174023
  0.0164634
  0.0155792
  0.0147513
  0.0139831
  0.0132793
  0.0126452
  0.0120869
  0.0116104
  0.0112213
  0.0109248
  0.0107247
  0.0106239
          0
 -0.0251899
