  -0.100214
  -0.100364
   -0.10063
  -0.100946
  -0.101217
  -0.101332
   -0.10118
  -0.100662
 -0.0997044
 -0.0982565
 -0.0962928
 -0.0938067
 -0.0908057
 -0.0873069
  -0.083333
 -0.0789091
 -0.0740606
 -0.0688115
 -0.0631835
 -0.0571956
 -0.0508633
  -0.044199
  -0.037212
 -0.0299088
 -0.0222929
  -0.014366
-0.00612723
 0.00242615
   0.011299
  0.0204985
  0.0300348
  0.0399222
  0.0501804
  0.0608371
  0.0719313
   0.083518
  0.0956746
   0.108511
    0.12218
   0.136901
   0.152981
   0.170859
   0.191154
   0.214743
   0.242833
   0.276949
   0.318489
   0.366691
   0.412626
   0.432021
   0.401614
   0.329293
   0.248658
   0.181137
   0.129765
  0.0913252
   0.062238
  0.0398167
  0.0222167
 0.00819177
-0.00310648
 -0.0122652
 -0.0196985
  -0.025705
 -0.0305043
 -0.0342628
 -0.0371096
 -0.0391487
 -0.0404666
 -0.0411383
 -0.0412311
 -0.0408072
 -0.0399262
  -0.038646
 -0.0370233
  -0.035115
 -0.0329775
 -0.0306673
 -0.0282408
  -0.025754
 -0.0232625
 -0.0208212
 -0.0184839
 -0.0163034
 -0.0143308
  -0.012615
 -0.0112025
 -0.0101358
-0.00945251
-0.00918239
-0.00934449
-0.00994227
 -0.0109575
 -0.0123427
 -0.0140142
 -0.0158462
 -0.0176725
 -0.0192979
 -0.0205236
 -0.0211839
          0
  0.0122232
