  -0.131151
  -0.131051
  -0.130852
  -0.130557
  -0.130167
  -0.129687
  -0.129119
  -0.128469
  -0.127741
  -0.126937
   -0.12606
  -0.125113
  -0.124095
  -0.123006
  -0.121841
  -0.120595
   -0.11926
  -0.117826
  -0.116281
  -0.114609
  -0.112792
  -0.110813
  -0.108649
  -0.106278
  -0.103676
  -0.100816
 -0.0976735
 -0.0942191
 -0.0904241
 -0.0862573
 -0.0816851
 -0.0766702
 -0.0711698
  -0.065133
 -0.0584973
 -0.0511832
 -0.0430869
 -0.0340697
 -0.0239423
 -0.0124423
0.000800406
   0.016316
  0.0348755
   0.057616
  0.0862224
   0.123145
   0.171631
   0.234529
   0.308823
   0.374546
    0.40094
   0.381353
    0.33792
   0.293183
   0.255251
   0.224693
   0.200124
   0.180075
   0.163394
   0.149243
   0.137026
    0.12632
   0.116823
   0.108317
   0.100643
  0.0936842
  0.0873509
   0.081575
   0.076302
  0.0714871
   0.067092
  0.0630825
  0.0594272
  0.0560964
  0.0530616
  0.0502952
  0.0477701
  0.0454605
  0.0433415
  0.0413896
   0.039583
   0.037902
  0.0363289
   0.034849
    0.03345
  0.0321224
  0.0308598
  0.0296585
  0.0285174
  0.0274379
  0.0264235
  0.0254795
  0.0246126
  0.0238302
  0.0231404
   0.022551
  0.0220693
  0.0217019
   0.021454
  0.0213291
          0
 -0.0248051
