  -0.0501605
  -0.0500044
  -0.0496945
  -0.0492359
  -0.0486353
  -0.0479015
  -0.0470444
  -0.0460745
  -0.0450026
   -0.043839
  -0.0425931
  -0.0412727
  -0.0398835
  -0.0384292
  -0.0369103
  -0.0353247
  -0.0336672
  -0.0319294
  -0.0300998
  -0.0281641
  -0.0261052
  -0.0239034
  -0.0215368
  -0.0189817
  -0.0162128
  -0.0132034
 -0.00992579
 -0.00635101
  -0.0024491
  0.00181141
  0.00646417
    0.011546
   0.0170986
   0.0231709
   0.0298225
   0.0371285
   0.0451865
    0.054126
   0.0641227
   0.0754185
   0.0883511
    0.103398
    0.121244
     0.14287
    0.169683
    0.203602
    0.246839
    0.300283
    0.357846
    0.397641
    0.393385
    0.346157
    0.283629
    0.227274
    0.182357
    0.147438
    0.120005
   0.0979812
   0.0798765
   0.0646598
   0.0516204
    0.040264
   0.0302427
   0.0213084
   0.0132817
  0.00603048
-0.000543978
 -0.00651751
  -0.0119499
  -0.0168897
  -0.0213784
  -0.0254519
   -0.029143
  -0.0324825
  -0.0354992
  -0.0382213
  -0.0406756
  -0.0428882
   -0.044884
  -0.0466866
  -0.0483182
  -0.0497993
  -0.0511483
  -0.0523815
  -0.0535132
  -0.0545552
  -0.0555171
  -0.0564062
  -0.0572279
  -0.0579856
   -0.058681
  -0.0593145
  -0.0598855
  -0.0603922
  -0.0608327
  -0.0612046
  -0.0615056
  -0.0617334
  -0.0618864
  -0.0619632
           0
  -0.0112973
