 -0.0364066
 -0.0362499
 -0.0359391
 -0.0354792
 -0.0348774
 -0.0341429
 -0.0332857
 -0.0323171
 -0.0312482
 -0.0300898
 -0.0288516
 -0.0275417
 -0.0261663
 -0.0247292
 -0.0232312
 -0.0216703
 -0.0200413
 -0.0183358
 -0.0165424
 -0.0146465
 -0.0126308
 -0.0104755
-0.00815849
-0.00565591
-0.00294213
9.69452e-06
 0.00322756
 0.00674048
  0.0105786
  0.0147734
  0.0193585
  0.0243707
  0.0298515
  0.0358493
  0.0424233
  0.0496478
   0.057619
  0.0664649
  0.0763585
  0.0875378
   0.100335
   0.115217
   0.132854
   0.154203
   0.180623
   0.213951
   0.256245
   0.308116
   0.363076
   0.399068
   0.390552
   0.339677
   0.274763
   0.217033
   0.171333
   0.135948
   0.108221
   0.085999
   0.067752
  0.0524268
  0.0392997
  0.0278688
  0.0177815
 0.00878663
0.000702843
-0.00660319
 -0.0132312
 -0.0192575
 -0.0247422
 -0.0297343
  -0.034275
 -0.0384004
 -0.0421434
 -0.0455342
 -0.0486018
 -0.0513738
  -0.053877
  -0.056137
 -0.0581786
  -0.060025
 -0.0616982
 -0.0632183
 -0.0646036
 -0.0658703
 -0.0670325
 -0.0681019
  -0.069088
 -0.0699985
 -0.0708385
 -0.0716118
 -0.0723202
 -0.0729644
 -0.0735439
 -0.0740573
  -0.074503
 -0.0748787
 -0.0751825
 -0.0754122
 -0.0755663
 -0.0756437
          0
-0.00732649
