 -0.0115894
 -0.0114322
 -0.0111206
 -0.0106598
 -0.0100573
-0.00932253
-0.00846628
-0.00750004
-0.00643552
-0.00528397
-0.00405559
-0.00275899
-0.00140069
1.52926e-05
 0.00148778
 0.00301864
 0.00461295
 0.00627904
 0.00802839
 0.00987555
  0.0118379
  0.0139354
  0.0161902
  0.0186263
  0.0212695
  0.0241467
  0.0272858
  0.0307159
  0.0344668
    0.03857
  0.0430585
  0.0479687
  0.0533411
  0.0592233
  0.0656728
  0.0727619
  0.0805842
  0.0892637
  0.0989678
   0.109926
   0.122459
   0.137015
   0.154231
   0.175014
   0.200633
   0.232766
   0.273171
   0.321936
    0.37184
   0.400569
   0.384061
   0.326478
   0.257269
   0.197133
   0.150106
   0.113965
  0.0857851
   0.063278
  0.0448419
  0.0293849
  0.0161612
  0.0046559
-0.00549173
 -0.0145379
 -0.0226674
 -0.0300158
 -0.0366843
 -0.0427505
 -0.0482751
 -0.0533076
 -0.0578895
  -0.062057
 -0.0658429
 -0.0692774
 -0.0723892
 -0.0752057
 -0.0777532
 -0.0800571
 -0.0821415
 -0.0840295
 -0.0857424
 -0.0873002
 -0.0887207
 -0.0900199
 -0.0912116
 -0.0923074
  -0.093317
 -0.0942477
 -0.0951049
 -0.0958925
 -0.0966126
  -0.097266
 -0.0978526
 -0.0983713
 -0.0988207
 -0.0991991
 -0.0995045
 -0.0997353
   -0.09989
 -0.0999676
          0
  0.0010913
