 0.0198368
 0.0200001
 0.0203241
 0.0208041
 0.0214333
  0.022203
 0.0231034
 0.0241239
 0.0252537
 0.0264823
 0.0278003
 0.0291993
 0.0306734
 0.0322184
  0.033833
 0.0355188
 0.0372802
 0.0391248
 0.0410631
 0.0431085
 0.0452771
 0.0475872
 0.0500596
 0.0527164
 0.0555815
 0.0586798
 0.0620371
 0.0656801
 0.0696363
 0.0739343
 0.0786046
 0.0836801
 0.0891981
  0.095202
  0.101745
  0.108894
  0.116735
  0.125384
  0.134996
  0.145785
  0.158046
  0.172192
  0.188804
  0.208695
  0.232975
  0.263039
  0.300134
  0.343461
  0.384596
  0.400926
  0.371024
  0.302439
  0.226392
  0.162584
  0.113666
 0.0765642
 0.0479197
 0.0252242
0.00676364
-0.0086149
-0.0216916
-0.0330021
-0.0429198
-0.0517099
-0.0595631
-0.0666198
-0.0729849
-0.0787388
-0.0839451
-0.0886556
-0.0929138
 -0.096758
 -0.100223
 -0.103339
 -0.106138
 -0.108648
 -0.110897
  -0.11291
 -0.114713
 -0.116331
 -0.117784
 -0.119094
 -0.120278
 -0.121355
 -0.122337
 -0.123237
 -0.124065
 -0.124827
 -0.125531
 -0.126178
 -0.126772
 -0.127313
   -0.1278
 -0.128233
  -0.12861
 -0.128928
 -0.129185
  -0.12938
 -0.129511
 -0.129577
         0
 0.0190963
