 0.0134191
 0.0135793
 0.0138971
 0.0143674
 0.0149828
  0.015734
 0.0166106
 0.0176012
 0.0186943
 0.0198788
 0.0211446
 0.0224831
 0.0238876
 0.0253542
 0.0268814
 0.0284709
 0.0301273
 0.0318585
 0.0336757
 0.0355927
 0.0376265
 0.0397962
 0.0421233
 0.0446311
 0.0473444
 0.0502892
 0.0534924
 0.0569819
 0.0607864
 0.0649359
 0.0694621
 0.0743993
 0.0797863
 0.0856682
 0.0920999
   0.09915
  0.106908
  0.115491
   0.12506
  0.135832
  0.148111
  0.162319
  0.179056
  0.199159
  0.223787
  0.254415
  0.292438
  0.337312
  0.380957
  0.400845
  0.374787
  0.309356
   0.23526
  0.172488
  0.124087
 0.0872299
 0.0586811
  0.035996
 0.0174929
0.00203686
-0.0111423
-0.0225739
-0.0326274
 -0.041565
-0.0495755
-0.0567974
-0.0633341
 -0.069265
-0.0746522
-0.0795464
-0.0839903
-0.0880208
-0.0916715
-0.0949732
-0.0979552
 -0.100645
  -0.10307
 -0.105255
 -0.107225
 -0.109003
  -0.11061
 -0.112067
 -0.113391
 -0.114599
 -0.115704
 -0.116718
 -0.117651
 -0.118511
 -0.119302
 -0.120029
 -0.120694
 -0.121297
 -0.121839
 -0.122318
 -0.122734
 -0.123084
 -0.123367
  -0.12358
 -0.123724
 -0.123796
         0
 0.0129768
