 -0.0234009
  -0.023244
 -0.0229328
 -0.0224726
 -0.0218708
 -0.0211365
 -0.0202805
 -0.0193141
 -0.0182487
 -0.0170954
 -0.0158643
 -0.0145639
 -0.0132004
 -0.0117777
  -0.010297
-0.00875625
-0.00715033
-0.00547087
-0.00370635
-0.00184221
0.000138939
 0.00225702
 0.00453422
 0.00699462
 0.00966389
   0.012569
   0.015738
     0.0192
  0.0229851
  0.0271247
  0.0316524
  0.0366046
  0.0420225
  0.0479543
  0.0544582
  0.0616076
  0.0694975
  0.0782539
  0.0880471
  0.0991111
   0.111771
   0.126487
   0.143911
   0.164974
    0.19099
   0.223716
   0.265057
   0.315355
   0.367742
    0.40002
   0.387396
   0.333052
   0.265902
   0.206908
   0.160503
    0.12471
  0.0967344
  0.0743513
  0.0559936
  0.0405878
  0.0273986
  0.0159173
 0.00578688
-0.00324635
 -0.0113657
 -0.0187055
 -0.0253664
 -0.0314252
 -0.0369425
 -0.0419673
  -0.046541
 -0.0506998
 -0.0544764
 -0.0579011
 -0.0610025
 -0.0638082
 -0.0663447
 -0.0686374
 -0.0707108
 -0.0725879
 -0.0742904
 -0.0758382
 -0.0772495
 -0.0785402
 -0.0797243
 -0.0808136
 -0.0818175
 -0.0827435
  -0.083597
 -0.0843817
 -0.0850998
 -0.0857519
 -0.0863377
 -0.0868562
 -0.0873057
 -0.0876843
 -0.0879901
 -0.0882213
 -0.0883763
 -0.0884541
          0
-0.00315357
