 -0.0916493
 -0.0922268
 -0.0933332
 -0.0948735
 -0.0967148
 -0.0987023
   -0.10068
  -0.102506
   -0.10407
  -0.105289
   -0.10611
  -0.106503
  -0.106458
  -0.105975
  -0.105065
  -0.103741
  -0.102019
 -0.0999137
 -0.0974399
 -0.0946094
 -0.0914312
 -0.0879115
 -0.0840534
 -0.0798573
 -0.0753209
 -0.0704392
 -0.0652052
 -0.0596092
 -0.0536395
 -0.0472813
 -0.0405168
 -0.0333236
 -0.0256731
 -0.0175284
-0.00884041
0.000456852
  0.0104535
   0.021274
  0.0330912
  0.0461484
  0.0607899
  0.0775091
  0.0970181
   0.120353
   0.149013
   0.185087
   0.231095
    0.28845
   0.351754
   0.399231
   0.403002
   0.362223
   0.303732
   0.249731
   0.206334
   0.172593
   0.146238
   0.125303
   0.108353
  0.0943802
  0.0826832
  0.0727695
  0.0642883
  0.0569861
  0.0506759
  0.0452169
  0.0405003
  0.0364392
  0.0329619
  0.0300066
  0.0275179
  0.0254445
  0.0237371
  0.0223476
  0.0212282
  0.0203309
  0.0196072
  0.0190085
  0.0184855
  0.0179892
  0.0174703
  0.0168802
  0.0161709
  0.0152953
  0.0142082
  0.0128666
  0.0112307
 0.00926574
 0.00694354
 0.00424617
 0.00117011
-0.00226757
-0.00602143
 -0.0100084
 -0.0140988
 -0.0181102
 -0.0218093
 -0.0249285
 -0.0271987
 -0.0283974
          0
 0.00712621
