 0.0182942
 0.0184577
 0.0187827
 0.0192649
 0.0198981
 0.0206747
  0.021586
 0.0226225
 0.0237745
 0.0250326
 0.0263883
 0.0278343
 0.0293651
 0.0309771
 0.0326695
 0.0344438
 0.0363045
 0.0382589
 0.0403172
 0.0424922
 0.0447994
 0.0472564
  0.049883
 0.0527006
  0.055732
  0.059001
 0.0625324
 0.0663518
 0.0704856
 0.0749614
 0.0798083
 0.0850583
 0.0907474
 0.0969181
  0.103622
  0.110925
  0.118913
  0.127699
  0.137437
   0.14834
  0.160699
  0.174927
  0.191597
  0.211517
  0.235785
  0.265771
  0.302685
   0.34565
  0.386132
  0.401468
  0.370426
  0.300851
  0.224157
   0.15999
  0.110892
 0.0737151
  0.045058
 0.0223913
 0.0039887
-0.0113097
-0.0242885
-0.0354863
-0.0452789
-0.0539327
-0.0616403
-0.0685432
-0.0747474
-0.0803346
-0.0853695
-0.0899048
-0.0939853
-0.0976503
 -0.100935
 -0.103873
 -0.106495
 -0.108831
 -0.110909
 -0.112756
   -0.1144
 -0.115864
 -0.117171
 -0.118343
 -0.119399
 -0.120355
 -0.121227
 -0.122026
 -0.122763
 -0.123445
 -0.124076
 -0.124662
 -0.125202
 -0.125698
 -0.126148
  -0.12655
 -0.126901
   -0.1272
 -0.127443
 -0.127628
 -0.127752
 -0.127814
         0
 0.0230737
