 0.0199918
 0.0201558
 0.0204814
 0.0209642
 0.0215975
 0.0223734
 0.0232824
 0.0243144
 0.0254591
 0.0267066
 0.0280478
 0.0294749
  0.030982
 0.0325653
 0.0342236
 0.0359585
 0.0377743
 0.0396785
 0.0416815
 0.0437961
 0.0460383
  0.048426
 0.0509794
 0.0537202
 0.0566718
 0.0598585
 0.0633055
  0.067039
 0.0710859
 0.0754741
 0.0802336
 0.0853966
 0.0909997
 0.0970859
  0.103707
   0.11093
   0.11884
  0.127552
   0.13722
  0.148056
  0.160354
  0.174524
  0.191144
  0.211018
  0.235249
  0.265209
  0.302113
  0.345098
  0.385654
  0.401137
  0.370295
  0.300919
   0.22437
   0.16029
  0.111237
 0.0740757
 0.0454153
 0.0227311
0.00429992
 -0.011036
  -0.02406
-0.0353095
-0.0451594
-0.0538758
-0.0616504
-0.0686242
-0.0749026
 -0.080567
-0.0856813
-0.0902978
-0.0944609
-0.0982092
 -0.101578
 -0.104599
 -0.107303
  -0.10972
 -0.111877
 -0.113801
 -0.115518
 -0.117052
 -0.118427
 -0.119661
 -0.120776
 -0.121786
 -0.122707
 -0.123551
 -0.124327
 -0.125044
 -0.125706
 -0.126317
 -0.126879
 -0.127392
 -0.127856
 -0.128269
  -0.12863
 -0.128935
 -0.129183
 -0.129371
 -0.129497
  -0.12956
         0
 0.0213753
