  0.0101384
   0.010296
  0.0106093
  0.0110749
  0.0116874
  0.0124406
  0.0133268
  0.0143382
  0.0154665
  0.0167038
   0.018043
  0.0194779
  0.0210041
  0.0226192
  0.0243228
  0.0261172
  0.0280071
       0.03
  0.0321062
  0.0343384
  0.0367117
  0.0392435
  0.0419531
  0.0448614
  0.0479907
  0.0513641
  0.0550059
  0.0589411
  0.0631954
  0.0677959
  0.0727711
  0.0781527
  0.0839762
  0.0902839
  0.0971274
   0.104572
   0.112705
    0.12164
   0.131532
   0.142595
   0.155127
   0.169542
   0.186427
   0.206602
   0.231193
   0.261615
   0.299157
   0.343076
   0.385005
   0.402277
   0.373219
   0.305181
    0.22938
   0.165662
   0.116785
  0.0797251
  0.0511387
  0.0285239
  0.0101673
-0.00508467
 -0.0180137
 -0.0291571
   -0.03889
 -0.0474791
  -0.055117
 -0.0619456
 -0.0680714
 -0.0735768
 -0.0785269
 -0.0829752
 -0.0869674
 -0.0905433
 -0.0937392
 -0.0965891
 -0.0991247
  -0.101377
  -0.103375
  -0.105146
  -0.106719
  -0.108118
  -0.109366
  -0.110486
  -0.111498
  -0.112417
  -0.113259
  -0.114037
  -0.114759
  -0.115433
  -0.116064
  -0.116654
  -0.117204
  -0.117712
  -0.118178
  -0.118597
  -0.118966
  -0.119281
  -0.119539
  -0.119736
  -0.119868
  -0.119935
          0
   0.024664
