 -0.0473877
 -0.0473097
 -0.0471543
 -0.0469232
 -0.0466183
 -0.0462422
 -0.0457977
 -0.0452876
 -0.0447145
 -0.0440806
  -0.043387
 -0.0426338
 -0.0418198
  -0.040942
 -0.0399952
 -0.0389724
 -0.0378641
 -0.0366585
 -0.0353414
 -0.0338963
 -0.0323045
 -0.0305454
 -0.0285965
 -0.0264339
 -0.0240323
 -0.0213653
 -0.0184057
 -0.0151252
 -0.0114944
-0.00748269
  -0.003057
 0.00181882
 0.00718589
  0.0130927
  0.0195987
  0.0267788
  0.0347311
  0.0435859
  0.0535205
  0.0647795
  0.0777052
  0.0927831
   0.110709
    0.13249
    0.15957
   0.193943
   0.237961
   0.292768
   0.352656
   0.395913
   0.395596
   0.351776
   0.291496
   0.236435
   0.192242
   0.157732
    0.13053
   0.108631
  0.0905832
  0.0753764
   0.062312
  0.0509029
  0.0408053
  0.0317737
    0.02363
  0.0162427
 0.00951347
 0.00336632
 -0.0022588
-0.00741105
 -0.0121322
 -0.0164591
 -0.0204253
  -0.024062
 -0.0273989
 -0.0304647
 -0.0332868
 -0.0358914
 -0.0383036
 -0.0405468
 -0.0426425
   -0.04461
 -0.0464664
 -0.0482258
 -0.0498996
 -0.0514962
  -0.053021
 -0.0544766
 -0.0558624
 -0.0571757
 -0.0584111
 -0.0595617
 -0.0606188
 -0.0615731
 -0.0624147
 -0.0631339
 -0.0637217
   -0.06417
 -0.0644727
 -0.0646251
          0
  0.0134182
