  -0.120018
  -0.119976
  -0.119891
  -0.119765
    -0.1196
  -0.119396
  -0.119156
   -0.11888
  -0.118571
  -0.118228
  -0.117851
  -0.117438
  -0.116986
  -0.116491
  -0.115946
  -0.115341
  -0.114666
  -0.113908
  -0.113051
  -0.112077
  -0.110965
  -0.109695
  -0.108243
  -0.106583
  -0.104688
  -0.102531
  -0.100082
 -0.0973127
 -0.0941901
 -0.0906813
 -0.0867506
 -0.0823584
 -0.0774597
 -0.0720015
 -0.0659189
   -0.05913
 -0.0515286
  -0.042973
 -0.0332705
 -0.0221546
-0.00924934
 0.00598359
  0.0243283
  0.0469435
  0.0755523
   0.112678
   0.161706
   0.225751
    0.30221
   0.371371
    0.40186
   0.385965
   0.345048
    0.30178
   0.264651
   0.234501
   0.210097
   0.190055
   0.173269
   0.158929
   0.146455
   0.135436
   0.125576
   0.116665
   0.108547
   0.101107
  0.0942614
  0.0879432
  0.0821008
  0.0766919
  0.0716803
  0.0670344
   0.062725
  0.0587246
  0.0550072
  0.0515473
  0.0483205
   0.045303
  0.0424726
  0.0398082
  0.0372905
  0.0349025
  0.0326293
  0.0304589
   0.028382
  0.0263923
  0.0244866
  0.0226645
  0.0209287
  0.0192843
  0.0177387
  0.0163011
  0.0149822
  0.0137935
  0.0127469
  0.0118538
  0.0111248
  0.0105693
  0.0101947
  0.0100061
          0
 -0.0142348
