 -0.125768
 -0.125717
 -0.125615
 -0.125464
 -0.125264
 -0.125018
 -0.124728
 -0.124395
 -0.124021
 -0.123606
 -0.123151
 -0.122654
 -0.122113
 -0.121523
 -0.120878
  -0.12017
 -0.119388
  -0.11852
  -0.11755
 -0.116461
 -0.115234
 -0.113847
 -0.112277
   -0.1105
 -0.108489
 -0.106216
 -0.103654
 -0.100772
-0.0975396
-0.0939241
-0.0898899
-0.0853979
-0.0804034
-0.0748536
-0.0686841
-0.0618133
-0.0541351
-0.0455081
  -0.03574
 -0.024564
-0.0116044
 0.0036775
 0.0220667
 0.0447235
 0.0733756
  0.110555
  0.159666
  0.223867
   0.30063
  0.370317
  0.401495
  0.386282
  0.345884
  0.302969
  0.266081
  0.236107
  0.211844
  0.191922
  0.175245
  0.161007
  0.148634
  0.137714
  0.127956
  0.119148
  0.111134
  0.103803
 0.0970668
 0.0908612
 0.0851339
 0.0798422
 0.0749501
 0.0704254
 0.0662388
 0.0623626
 0.0587703
 0.0554363
 0.0523355
 0.0494442
 0.0467394
 0.0441998
 0.0418058
 0.0395398
 0.0373865
 0.0353335
 0.0333711
 0.0314924
 0.0296938
 0.0279744
 0.0263364
 0.0247842
 0.0233248
 0.0219669
 0.0207206
 0.0195968
  0.018607
  0.017762
 0.0170721
 0.0165463
 0.0161916
  0.016013
         0
-0.0172051
