  -0.112991
  -0.112954
  -0.112881
  -0.112774
  -0.112632
  -0.112458
  -0.112253
  -0.112018
  -0.111754
  -0.111462
   -0.11114
  -0.110787
  -0.110399
  -0.109972
  -0.109497
  -0.108966
  -0.108368
  -0.107689
  -0.106912
  -0.106019
  -0.104991
  -0.103804
  -0.102435
  -0.100857
 -0.0990448
 -0.0969689
 -0.0946003
 -0.0919084
 -0.0888615
  -0.085426
 -0.0815658
 -0.0772411
 -0.0724068
 -0.0670095
 -0.0609843
 -0.0542492
  -0.046698
 -0.0381889
 -0.0285296
 -0.0174538
-0.00458665
  0.0106088
  0.0289137
   0.051481
  0.0800231
   0.117041
   0.165873
    0.22954
   0.305277
   0.373236
   0.402214
   0.384873
   0.342896
   0.298941
   0.261369
   0.230916
   0.206293
   0.186081
   0.169154
   0.154691
   0.142106
   0.130983
   0.121024
   0.112016
   0.103803
  0.0962691
  0.0893292
  0.0829167
  0.0769798
  0.0714759
   0.066369
  0.0616272
  0.0572216
  0.0531249
   0.049311
  0.0457547
  0.0424317
  0.0393187
  0.0363935
  0.0336352
  0.0310249
  0.0285458
  0.0261834
  0.0239259
  0.0217643
  0.0196927
  0.0177082
  0.0158108
  0.0140034
  0.0122916
  0.0106831
 0.00918751
  0.0078159
 0.00658013
 0.00549236
 0.00456442
 0.00380726
 0.00323037
 0.00284134
 0.00264548
          0
 -0.0109823
