  -0.0854134
  -0.0862011
  -0.0877176
    -0.08985
  -0.0924433
  -0.0953203
  -0.0983043
   -0.101238
   -0.103995
   -0.106481
   -0.108634
   -0.110416
   -0.111809
   -0.112808
   -0.113416
   -0.113642
   -0.113497
    -0.11299
   -0.112131
   -0.110929
   -0.109387
   -0.107509
   -0.105292
   -0.102734
  -0.0998286
  -0.0965664
  -0.0929364
  -0.0889251
  -0.0845163
  -0.0796912
  -0.0744273
  -0.0686978
  -0.0624693
     -0.0557
  -0.0483356
  -0.0403045
  -0.0315102
  -0.0218213
   -0.011056
  0.00104059
   0.0148294
   0.0308289
   0.0497937
   0.0728333
    0.101585
    0.138407
    0.186364
    0.247947
    0.319542
    0.380736
      0.4015
    0.376642
    0.329485
    0.282495
    0.243283
    0.212039
    0.187154
    0.167035
    0.150456
    0.136536
     0.12465
    0.114355
    0.105335
   0.0973602
    0.090261
   0.0839105
   0.0782111
   0.0730855
   0.0684698
   0.0643098
   0.0605569
   0.0571659
   0.0540937
   0.0512978
   0.0487359
   0.0463652
   0.0441425
   0.0420237
   0.0399647
   0.0379207
    0.035847
   0.0336993
   0.0314336
   0.0290071
   0.0263787
   0.0235096
   0.0203644
    0.016913
   0.0131325
  0.00901134
  0.00455323
-0.000215605
 -0.00523828
  -0.0104173
  -0.0156047
  -0.0205956
  -0.0251305
  -0.0289128
   -0.031645
  -0.0330813
           0
  0.00425963
