  -0.12109
 -0.120966
  -0.12072
 -0.120354
 -0.119872
 -0.119279
  -0.11858
 -0.117782
 -0.116889
 -0.115908
 -0.114843
 -0.113698
 -0.112474
 -0.111172
  -0.10979
 -0.108324
 -0.106766
 -0.105108
 -0.103338
 -0.101441
-0.0994009
-0.0971992
-0.0948149
-0.0922257
-0.0894076
-0.0863355
 -0.082983
-0.0793225
-0.0753253
-0.0709604
-0.0661949
-0.0609919
-0.0553091
-0.0490965
-0.0422924
-0.0348183
-0.0265719
 -0.017416
 -0.007164
0.00444311
 0.0177699
 0.0333377
 0.0519026
 0.0745747
  0.102989
  0.139499
  0.187157
  0.248433
  0.319686
  0.380498
  0.400894
  0.375744
  0.328368
  0.281182
  0.241759
  0.210268
  0.185097
  0.164649
  0.147701
  0.133372
  0.121041
   0.11027
  0.100745
 0.0922423
 0.0845972
 0.0776884
 0.0714244
 0.0657346
 0.0605629
 0.0558629
 0.0515951
 0.0477243
 0.0442181
 0.0410461
 0.0381788
 0.0355879
 0.0332458
 0.0311258
 0.0292023
 0.0274511
 0.0258496
 0.0243771
 0.0230154
 0.0217484
 0.0205629
 0.0194481
 0.0183964
 0.0174024
 0.0164634
 0.0155792
 0.0147513
 0.0139832
 0.0132793
 0.0126452
 0.0120869
 0.0116104
 0.0112214
 0.0109248
 0.0107247
  0.010624
         0
  -0.02519
