  -0.132851
  -0.132764
  -0.132592
  -0.132335
  -0.131995
  -0.131577
  -0.131083
  -0.130516
   -0.12988
  -0.129177
  -0.128409
  -0.127577
  -0.126681
  -0.125718
  -0.124684
  -0.123572
  -0.122375
  -0.121081
  -0.119678
  -0.118148
  -0.116476
  -0.114641
  -0.112621
  -0.110394
  -0.107934
  -0.105216
  -0.102214
 -0.0988975
 -0.0952385
 -0.0912051
 -0.0867634
 -0.0818756
 -0.0764984
 -0.0705806
 -0.0640591
 -0.0568538
 -0.0488604
 -0.0399392
 -0.0298999
 -0.0184788
-0.00530338
  0.0101597
  0.0286873
  0.0514262
  0.0800799
   0.117135
   0.165909
   0.229393
   0.304799
   0.372329
   0.400934
   0.383401
    0.34142
    0.29758
   0.260188
   0.229958
   0.205591
   0.185666
   0.169057
    0.15494
   0.142731
   0.132011
   0.122484
   0.113933
   0.106203
  0.0991768
   0.092767
  0.0869061
  0.0815405
  0.0766262
  0.0721255
  0.0680048
  0.0642332
  0.0607816
  0.0576221
  0.0547273
  0.0520709
  0.0496275
  0.0473727
  0.0452834
  0.0433385
  0.0415187
  0.0398071
  0.0381893
  0.0366537
  0.0351917
  0.0337975
  0.0324682
  0.0312036
  0.0300059
  0.0288797
  0.0278311
  0.0268679
  0.0259985
  0.0252319
  0.0245769
  0.0240417
  0.0236335
  0.0233579
  0.0232191
          0
 -0.0236817
