  -0.131151
  -0.131051
  -0.130853
  -0.130557
  -0.130167
  -0.129687
   -0.12912
   -0.12847
  -0.127741
  -0.126937
  -0.126061
  -0.125113
  -0.124096
  -0.123006
  -0.121841
  -0.120595
   -0.11926
  -0.117827
  -0.116281
  -0.114609
  -0.112793
  -0.110813
  -0.108649
  -0.106278
  -0.103676
  -0.100817
 -0.0976737
 -0.0942194
 -0.0904243
 -0.0862575
 -0.0816853
 -0.0766704
   -0.07117
 -0.0651331
 -0.0584974
 -0.0511833
  -0.043087
 -0.0340697
 -0.0239424
 -0.0124423
0.000800415
   0.016316
  0.0348756
  0.0576162
  0.0862226
   0.123146
   0.171631
    0.23453
   0.308824
   0.374547
   0.400941
   0.381354
   0.337921
   0.293183
   0.255252
   0.224694
   0.200124
   0.180076
   0.163395
   0.149244
   0.137026
    0.12632
   0.116823
   0.108317
   0.100644
  0.0936844
  0.0873511
  0.0815752
  0.0763022
  0.0714873
  0.0670922
  0.0630827
  0.0594274
  0.0560966
  0.0530618
  0.0502953
  0.0477702
  0.0454606
  0.0433416
  0.0413897
  0.0395831
  0.0379021
   0.036329
  0.0348491
  0.0334501
  0.0321225
  0.0308599
  0.0296586
  0.0285175
   0.027438
  0.0264236
  0.0254796
  0.0246127
  0.0238303
  0.0231405
   0.022551
  0.0220694
   0.021702
   0.021454
  0.0213291
          0
 -0.0248052
