   -0.102674
   -0.102533
   -0.102251
   -0.101833
   -0.101283
   -0.100608
  -0.0998147
  -0.0989114
  -0.0979054
  -0.0968043
  -0.0956144
  -0.0943412
  -0.0929882
  -0.0915569
  -0.0900468
  -0.0884545
  -0.0867741
  -0.0849971
   -0.083112
  -0.0811049
  -0.0789592
  -0.0766562
  -0.0741751
  -0.0714934
  -0.0685868
  -0.0654301
  -0.0619965
  -0.0582584
  -0.0541866
  -0.0497504
  -0.0449167
  -0.0396487
  -0.0339045
  -0.0276344
  -0.0207774
   -0.013256
 -0.00496906
  0.00421832
     0.01449
   0.0261004
   0.0394071
   0.0549195
   0.0733742
    0.095846
    0.123905
    0.159779
    0.206272
    0.265373
    0.332675
    0.387225
    0.400083
    0.368018
    0.315788
    0.265604
    0.224352
    0.191708
    0.165772
    0.144795
    0.127465
    0.112852
    0.100305
   0.0893659
   0.0797103
   0.0711046
   0.0633793
   0.0564091
   0.0500996
   0.0443782
   0.0391872
    0.034479
   0.0302133
   0.0263542
   0.0228687
    0.019726
   0.0168964
   0.0143513
   0.0120627
    0.010004
  0.00814917
  0.00647388
  0.00495524
  0.00357228
  0.00230616
  0.00114035
 6.08587e-05
-0.000943779
 -0.00188243
 -0.00276145
 -0.00358484
 -0.00435443
 -0.00507018
 -0.00573047
 -0.00633245
 -0.00687241
 -0.00734614
 -0.00774926
 -0.00807761
 -0.00832746
  -0.0084958
 -0.00858052
           0
  -0.0229407
