  -0.023401
 -0.0232441
  -0.022933
 -0.0224727
 -0.0218709
 -0.0211367
 -0.0202806
 -0.0193142
 -0.0182488
 -0.0170955
 -0.0158645
  -0.014564
 -0.0132005
 -0.0117778
 -0.0102971
-0.00875635
-0.00715042
-0.00547096
-0.00370644
-0.00184229
0.000138857
 0.00225695
 0.00453415
 0.00699456
 0.00966383
   0.012569
   0.015738
     0.0192
   0.022985
  0.0271247
  0.0316524
  0.0366046
  0.0420226
  0.0479543
  0.0544582
  0.0616077
  0.0694976
   0.078254
  0.0880473
  0.0991112
   0.111772
   0.126487
   0.143911
   0.164974
   0.190991
   0.223717
   0.265057
   0.315355
   0.367743
   0.400021
   0.387397
   0.333053
   0.265902
   0.206909
   0.160504
   0.124711
  0.0967347
  0.0743516
  0.0559939
   0.040588
  0.0273988
  0.0159174
 0.00578698
-0.00324628
 -0.0113656
 -0.0187055
 -0.0253664
 -0.0314252
 -0.0369425
 -0.0419673
  -0.046541
 -0.0506999
 -0.0544765
 -0.0579011
 -0.0610026
 -0.0638083
 -0.0663448
 -0.0686375
 -0.0707109
  -0.072588
 -0.0742905
 -0.0758383
 -0.0772496
 -0.0785403
 -0.0797245
 -0.0808137
 -0.0818176
 -0.0827436
 -0.0835971
 -0.0843819
 -0.0850999
  -0.085752
 -0.0863379
 -0.0868563
 -0.0873058
 -0.0876845
 -0.0879903
 -0.0882214
 -0.0883765
 -0.0884542
          0
-0.00315359
