  0.013419
 0.0135793
 0.0138971
 0.0143674
 0.0149827
  0.015734
 0.0166106
 0.0176012
 0.0186943
 0.0198788
 0.0211446
  0.022483
 0.0238876
 0.0253542
 0.0268814
 0.0284708
 0.0301272
 0.0318585
 0.0336757
 0.0355927
 0.0376265
 0.0397962
 0.0421233
 0.0446311
 0.0473444
 0.0502892
 0.0534924
 0.0569819
 0.0607865
  0.064936
 0.0694621
 0.0743994
 0.0797864
 0.0856683
    0.0921
 0.0991501
  0.106908
  0.115491
   0.12506
  0.135832
  0.148111
   0.16232
  0.179056
   0.19916
  0.223788
  0.254415
  0.292439
  0.337312
  0.380958
  0.400846
  0.374788
  0.309356
  0.235261
  0.172488
  0.124088
 0.0872303
 0.0586814
 0.0359962
 0.0174931
0.00203696
-0.0111422
-0.0225738
-0.0326274
 -0.041565
-0.0495755
-0.0567974
-0.0633342
-0.0692651
-0.0746523
-0.0795465
-0.0839904
-0.0880209
-0.0916716
-0.0949734
-0.0979553
 -0.100645
  -0.10307
 -0.105255
 -0.107225
 -0.109003
  -0.11061
 -0.112067
 -0.113391
 -0.114599
 -0.115704
 -0.116718
 -0.117652
 -0.118511
 -0.119302
 -0.120029
 -0.120694
 -0.121297
 -0.121839
 -0.122318
 -0.122734
 -0.123084
 -0.123367
 -0.123581
 -0.123724
 -0.123796
         0
 0.0129768
