 -0.0364068
 -0.0362501
 -0.0359392
 -0.0354793
 -0.0348776
  -0.034143
 -0.0332859
 -0.0323173
 -0.0312484
 -0.0300899
 -0.0288517
 -0.0275418
 -0.0261665
 -0.0247293
 -0.0232313
 -0.0216704
 -0.0200414
  -0.018336
 -0.0165425
 -0.0146466
 -0.0126309
 -0.0104756
-0.00815859
  -0.005656
-0.00294222
9.61783e-06
 0.00322749
 0.00674042
  0.0105785
  0.0147733
  0.0193585
  0.0243707
  0.0298515
  0.0358493
  0.0424234
  0.0496478
  0.0576191
   0.066465
  0.0763586
  0.0875379
   0.100335
   0.115218
   0.132854
   0.154203
   0.180623
   0.213951
   0.256245
   0.308116
   0.363077
   0.399069
   0.390553
   0.339678
   0.274763
   0.217034
   0.171333
   0.135948
   0.108221
  0.0859993
  0.0677523
   0.052427
  0.0392999
  0.0278689
  0.0177816
 0.00878673
0.000702923
-0.00660312
 -0.0132311
 -0.0192574
 -0.0247422
 -0.0297343
  -0.034275
 -0.0384005
 -0.0421434
 -0.0455342
 -0.0486018
 -0.0513738
  -0.053877
 -0.0561371
 -0.0581787
 -0.0600251
 -0.0616983
 -0.0632184
 -0.0646037
 -0.0658704
 -0.0670326
  -0.068102
 -0.0690882
 -0.0699986
 -0.0708386
 -0.0716119
 -0.0723203
 -0.0729645
  -0.073544
 -0.0740575
 -0.0745031
 -0.0748789
 -0.0751826
 -0.0754123
 -0.0755665
 -0.0756438
          0
-0.00732651
