  0.0176765
  0.0178383
  0.0181594
  0.0186348
  0.0192574
  0.0200181
  0.0209068
  0.0219124
  0.0230237
  0.0242299
  0.0255211
  0.0268889
  0.0283268
  0.0298308
  0.0313995
  0.0330344
  0.0347401
  0.0365244
  0.0383981
  0.0403747
  0.0424709
  0.0447054
  0.0470992
  0.0496753
  0.0524578
  0.0554723
  0.0587452
  0.0623038
  0.0661762
  0.0703916
  0.0749812
  0.0799787
  0.0854219
  0.0913553
  0.0978326
   0.104921
    0.11271
   0.121314
   0.130892
   0.141658
   0.153912
   0.168071
   0.184722
    0.20469
   0.229105
   0.259395
    0.29687
   0.340838
    0.38302
   0.400842
   0.372558
   0.305306
   0.230087
   0.166718
   0.118019
  0.0810182
  0.0524097
  0.0297124
  0.0112259
-0.00419485
 -0.0173257
 -0.0286994
 -0.0386877
 -0.0475543
 -0.0554892
 -0.0626317
  -0.069086
 -0.0749321
 -0.0802327
 -0.0850392
 -0.0893945
 -0.0933362
 -0.0968984
  -0.100112
  -0.103007
  -0.105612
  -0.107953
  -0.110057
  -0.111948
  -0.113649
  -0.115183
   -0.11657
  -0.117828
  -0.118973
   -0.12002
   -0.12098
  -0.121862
  -0.122675
  -0.123423
  -0.124111
  -0.124741
  -0.125314
  -0.125829
  -0.126285
  -0.126681
  -0.127015
  -0.127285
   -0.12749
  -0.127627
  -0.127695
          0
  0.0162768
