 0.0182941
 0.0184577
 0.0187827
 0.0192649
 0.0198981
 0.0206747
  0.021586
 0.0226225
 0.0237745
 0.0250326
 0.0263883
 0.0278343
 0.0293651
 0.0309771
 0.0326695
 0.0344438
 0.0363045
 0.0382589
 0.0403172
 0.0424922
 0.0447994
 0.0472564
  0.049883
 0.0527006
  0.055732
  0.059001
 0.0625325
 0.0663519
 0.0704857
 0.0749615
 0.0798084
 0.0850584
 0.0907475
 0.0969182
  0.103622
  0.110925
  0.118913
  0.127699
  0.137437
   0.14834
    0.1607
  0.174927
  0.191598
  0.211517
  0.235785
  0.265772
  0.302685
   0.34565
  0.386133
  0.401469
  0.370427
  0.300852
  0.224157
   0.15999
  0.110892
 0.0737154
 0.0450582
 0.0223915
0.00398882
-0.0113096
-0.0242885
-0.0354863
-0.0452789
-0.0539327
-0.0616404
-0.0685432
-0.0747475
-0.0803347
-0.0853696
-0.0899049
-0.0939855
-0.0976505
 -0.100935
 -0.103873
 -0.106495
 -0.108831
 -0.110909
 -0.112757
   -0.1144
 -0.115864
 -0.117171
 -0.118343
 -0.119399
 -0.120355
 -0.121227
 -0.122027
 -0.122763
 -0.123445
 -0.124077
 -0.124662
 -0.125202
 -0.125698
 -0.126148
  -0.12655
 -0.126902
   -0.1272
 -0.127443
 -0.127628
 -0.127752
 -0.127815
         0
 0.0230737
