 -0.00291938
 -0.00277641
 -0.00249194
 -0.00206885
 -0.00151129
 -0.00082445
-1.42912e-05
 0.000912764
   0.0019502
  0.00309181
  0.00433207
  0.00566653
  0.00709223
  0.00860799
   0.0102147
   0.0119157
   0.0137165
   0.0156255
   0.0176534
   0.0198135
   0.0221212
   0.0245943
   0.0272522
    0.030116
    0.033208
   0.0365517
   0.0401713
    0.044092
   0.0483397
   0.0529417
    0.057927
   0.0633275
   0.0691794
   0.0755259
   0.0824196
   0.0899279
   0.0981386
    0.107169
     0.11718
     0.12839
    0.141105
    0.155756
     0.17295
    0.193545
    0.218729
    0.250031
    0.288939
    0.335057
    0.380477
    0.402623
    0.378771
    0.314955
    0.241744
      0.1794
    0.131227
   0.0945277
   0.0661257
   0.0436008
   0.0252811
    0.010035
 -0.00290715
  -0.0140758
  -0.0238421
  -0.0324702
  -0.0401512
  -0.0470259
  -0.0532003
  -0.0587563
  -0.0637588
  -0.0682613
  -0.0723093
  -0.0759429
  -0.0791985
  -0.0821102
  -0.0847101
  -0.0870292
  -0.0890971
  -0.0909423
  -0.0925919
  -0.0940714
  -0.0954047
  -0.0966135
  -0.0977173
  -0.0987329
  -0.0996749
   -0.100555
   -0.101381
   -0.102161
   -0.102897
   -0.103592
   -0.104244
   -0.104851
    -0.10541
   -0.105915
   -0.106361
   -0.106744
   -0.107057
   -0.107296
   -0.107458
   -0.107539
           0
    0.023895
