 -0.0615154
 -0.0628989
 -0.0655667
 -0.0693376
 -0.0739804
 -0.0792483
 -0.0849103
   -0.09077
 -0.0966732
  -0.102507
  -0.108195
  -0.113684
  -0.118945
  -0.123959
  -0.128718
  -0.133215
  -0.137447
  -0.141413
  -0.145106
  -0.148522
   -0.15165
  -0.154479
  -0.156994
  -0.159178
  -0.161011
   -0.16247
   -0.16353
  -0.164163
   -0.16434
  -0.164027
  -0.163187
  -0.161778
  -0.159752
  -0.157051
  -0.153605
  -0.149326
  -0.144097
  -0.137766
  -0.130126
  -0.120889
  -0.109648
 -0.0958121
 -0.0785121
 -0.0564347
 -0.0275653
  0.0111935
   0.064393
   0.137467
   0.231681
   0.330328
   0.397488
   0.416087
   0.399837
    0.37192
   0.344044
   0.319499
    0.29849
   0.280438
   0.264692
   0.250714
   0.238091
   0.226517
   0.215769
   0.205685
   0.196146
   0.187062
   0.178369
   0.170016
   0.161965
   0.154182
    0.14664
   0.139312
   0.132175
   0.125205
   0.118375
   0.111662
   0.105037
  0.0984749
  0.0919461
  0.0854222
  0.0788741
  0.0722725
  0.0655888
  0.0587951
  0.0518649
  0.0447744
  0.0375035
  0.0300374
    0.02237
  0.0145069
  0.0064716
-0.00168792
-0.00988924
 -0.0180047
 -0.0258504
 -0.0331787
 -0.0396806
 -0.0450056
 -0.0488035
 -0.0507851
          0
-0.00468619
