 -0.0192837
 -0.0191636
 -0.0189246
 -0.0185689
 -0.0180997
  -0.017521
 -0.0168373
 -0.0160534
 -0.0151743
 -0.0142042
  -0.013147
 -0.0120053
 -0.0107803
-0.00947156
-0.00807664
-0.00659082
-0.00500705
-0.00331585
-0.00150528
0.000438961
 0.00253341
 0.00479664
 0.00724904
 0.00991253
  0.0128103
  0.0159666
  0.0194067
  0.0231564
  0.0272429
  0.0316943
  0.0365409
   0.041816
  0.0475573
  0.0538097
  0.0606282
  0.0680827
  0.0762646
  0.0852961
  0.0953433
   0.106635
   0.119491
   0.134361
   0.151885
   0.172975
   0.198911
   0.231387
   0.272196
   0.321471
   0.372041
   0.401559
   0.385771
   0.328671
   0.259706
   0.199692
   0.152755
    0.11671
  0.0886503
    0.06629
  0.0480283
   0.032772
  0.0197733
 0.00851512
-0.00136569
 -0.0101278
 -0.0179586
 -0.0249962
 -0.0313447
 -0.0370842
 -0.0422785
 -0.0469799
 -0.0512331
 -0.0550773
 -0.0585483
 -0.0616797
 -0.0645031
 -0.0670489
 -0.0693463
 -0.0714235
 -0.0733071
 -0.0750222
 -0.0765921
 -0.0780379
 -0.0793784
 -0.0806299
 -0.0818057
 -0.0829164
 -0.0839698
 -0.0849708
 -0.0859216
 -0.0868219
 -0.0876694
 -0.0884598
 -0.0891875
  -0.089846
  -0.090428
 -0.0909265
 -0.0913346
 -0.0916464
 -0.0918571
 -0.0919634
          0
  0.0209908
