 -0.0671813
 -0.0671282
 -0.0670226
 -0.0668656
 -0.0666587
  -0.066404
 -0.0661033
 -0.0657587
 -0.0653716
  -0.064943
  -0.064473
 -0.0639603
 -0.0634023
 -0.0627946
 -0.0621309
 -0.0614026
 -0.0605989
 -0.0597066
 -0.0587103
 -0.0575921
 -0.0563322
 -0.0549086
 -0.0532976
 -0.0514739
 -0.0494111
 -0.0470815
 -0.0444563
  -0.041506
 -0.0381996
 -0.0345049
  -0.030387
 -0.0258081
 -0.0207247
 -0.0150861
-0.00883028
-0.00187882
 0.00587001
  0.0145517
  0.0243501
  0.0355193
  0.0484154
  0.0635452
  0.0816398
   0.103764
   0.131467
   0.166938
     0.2129
   0.271188
   0.337137
   0.389607
   0.399963
   0.365572
   0.311652
   0.260346
   0.218318
   0.185078
   0.158637
   0.137192
   0.119404
   0.104327
  0.0912999
  0.0798594
  0.0696774
  0.0605187
  0.0522128
   0.044634
  0.0376882
   0.031303
  0.0254213
  0.0199964
  0.0149889
   0.010364
 0.00609012
 0.00213759
-0.00152166
-0.00491466
-0.00806738
 -0.0110048
 -0.0137504
 -0.0163263
 -0.0187528
 -0.0210478
  -0.023227
 -0.0253033
 -0.0272866
 -0.0291841
 -0.0309996
 -0.0327341
 -0.0343858
 -0.0359503
 -0.0374207
 -0.0387884
 -0.0400434
 -0.0411747
 -0.0421711
 -0.0430215
 -0.0437158
 -0.0442449
 -0.0446019
 -0.0447816
          0
 0.00687055
