  -0.12998
 -0.129918
 -0.129795
 -0.129612
 -0.129371
 -0.129073
 -0.128721
 -0.128318
 -0.127864
 -0.127362
 -0.126811
 -0.126211
 -0.125561
 -0.124856
 -0.124091
 -0.123258
 -0.122347
 -0.121346
  -0.12024
 -0.119013
 -0.117647
 -0.116119
 -0.114408
 -0.112489
 -0.110337
 -0.107924
 -0.105224
 -0.102206
-0.0988399
-0.0950938
-0.0909325
-0.0863173
 -0.081204
-0.0755404
-0.0692623
-0.0622886
-0.0545136
-0.0457965
-0.0359453
 -0.024694
-0.0116674
0.00367248
 0.0221094
 0.0448023
 0.0734763
   0.11066
  0.159752
  0.223901
  0.300572
  0.370135
  0.401197
  0.385913
  0.345494
  0.302592
  0.265738
  0.235809
  0.211599
  0.191739
   0.17513
  0.160967
  0.148676
  0.137845
  0.128181
  0.119472
  0.111565
  0.104344
 0.0977243
 0.0916394
 0.0860371
 0.0808744
 0.0761148
 0.0717258
 0.0676776
 0.0639422
 0.0604926
 0.0573027
 0.0543471
 0.0516014
 0.0490424
 0.0466481
 0.0443984
 0.0422752
 0.0402628
 0.0383481
 0.0365208
 0.0347736
 0.0331021
  0.031505
 0.0299836
 0.0285418
 0.0271858
 0.0259236
 0.0247646
 0.0237192
 0.0227979
 0.0220112
 0.0213687
 0.0208788
 0.0205483
 0.0203819
         0
-0.0198175
