  -0.131152
  -0.131052
  -0.130853
  -0.130557
  -0.130168
  -0.129687
   -0.12912
   -0.12847
  -0.127741
  -0.126937
  -0.126061
  -0.125114
  -0.124096
  -0.123006
  -0.121841
  -0.120595
  -0.119261
  -0.117827
  -0.116281
  -0.114609
  -0.112793
  -0.110814
   -0.10865
  -0.106279
  -0.103676
  -0.100817
 -0.0976739
 -0.0942196
 -0.0904245
 -0.0862577
 -0.0816855
 -0.0766705
 -0.0711701
 -0.0651333
 -0.0584975
 -0.0511834
 -0.0430871
 -0.0340698
 -0.0239424
 -0.0124424
0.000800423
  0.0163161
  0.0348757
  0.0576163
  0.0862228
   0.123146
   0.171631
    0.23453
   0.308825
   0.374547
   0.400941
   0.381355
   0.337922
   0.293184
   0.255253
   0.224694
   0.200125
   0.180076
   0.163395
   0.149244
   0.137027
    0.12632
   0.116823
   0.108317
   0.100644
  0.0936846
  0.0873513
  0.0815754
  0.0763024
  0.0714875
  0.0670923
  0.0630828
  0.0594275
  0.0560967
  0.0530619
  0.0502954
  0.0477703
  0.0454607
  0.0433417
  0.0413898
  0.0395832
  0.0379022
  0.0363291
  0.0348492
  0.0334501
  0.0321226
    0.03086
  0.0296587
  0.0285176
   0.027438
  0.0264236
  0.0254797
  0.0246127
  0.0238304
  0.0231405
  0.0225511
  0.0220695
  0.0217021
  0.0214541
  0.0213292
          0
 -0.0248053
