 -0.0450007
 -0.0466715
 -0.0498904
 -0.0544394
 -0.0600481
 -0.0664389
 -0.0733599
 -0.0806031
  -0.088009
 -0.0954616
  -0.102881
  -0.110213
  -0.117423
  -0.124487
  -0.131391
  -0.138122
  -0.144669
  -0.151021
  -0.157164
  -0.163082
  -0.168758
  -0.174171
  -0.179295
  -0.184103
  -0.188567
  -0.192654
  -0.196328
  -0.199553
  -0.202288
   -0.20449
  -0.206113
  -0.207105
  -0.207407
  -0.206951
  -0.205656
  -0.203422
   -0.20012
  -0.195584
  -0.189589
  -0.181825
  -0.171853
  -0.159039
   -0.14244
   -0.12062
 -0.0913445
 -0.0511014
 0.00546939
  0.0853405
   0.192202
   0.310896
      0.402
   0.442296
   0.440972
   0.421939
   0.399111
   0.377362
   0.357795
   0.340321
   0.324565
   0.310146
   0.296753
   0.284142
   0.272135
     0.2606
   0.249442
   0.238591
   0.227999
   0.217629
   0.207455
   0.197456
   0.187617
   0.177923
   0.168359
   0.158914
   0.149571
   0.140318
   0.131136
   0.122011
   0.112923
   0.103855
  0.0947885
  0.0857043
  0.0765843
  0.0674115
  0.0581702
  0.0488474
  0.0394339
  0.0299264
  0.0203298
  0.0106615
0.000956086
-0.00872702
 -0.0182948
 -0.0276102
 -0.0364817
 -0.0446569
 -0.0518261
 -0.0576421
 -0.0617608
 -0.0639004
          0
 -0.0102333
