  -0.132852
  -0.132765
  -0.132592
  -0.132335
  -0.131996
  -0.131577
  -0.131083
  -0.130516
   -0.12988
  -0.129177
  -0.128409
  -0.127578
  -0.126681
  -0.125718
  -0.124684
  -0.123573
  -0.122376
  -0.121082
  -0.119678
  -0.118149
  -0.116476
  -0.114641
  -0.112621
  -0.110394
  -0.107934
  -0.105217
  -0.102214
 -0.0988977
 -0.0952387
 -0.0912053
 -0.0867636
 -0.0818757
 -0.0764986
 -0.0705807
 -0.0640592
 -0.0568539
 -0.0488605
 -0.0399392
    -0.0299
 -0.0184788
-0.00530338
  0.0101597
  0.0286874
  0.0514263
  0.0800801
   0.117135
   0.165909
   0.229393
     0.3048
   0.372329
   0.400935
   0.383402
   0.341421
   0.297581
   0.260189
   0.229959
   0.205592
   0.185667
   0.169057
   0.154941
   0.142731
   0.132011
   0.122484
   0.113934
   0.106203
   0.099177
  0.0927672
  0.0869062
  0.0815407
  0.0766264
  0.0721257
  0.0680049
  0.0642334
  0.0607818
  0.0576222
  0.0547274
   0.052071
  0.0496276
  0.0473728
  0.0452835
  0.0433386
  0.0415188
  0.0398071
  0.0381893
  0.0366538
  0.0351918
  0.0337976
  0.0324683
  0.0312037
   0.030006
  0.0288797
  0.0278312
  0.0268679
  0.0259986
   0.025232
   0.024577
  0.0240418
  0.0236335
   0.023358
  0.0232192
          0
 -0.0236817
