 -0.0204837
 -0.0218824
 -0.0246002
 -0.0284966
 -0.0333987
 -0.0391296
 -0.0455274
  -0.052455
 -0.0598019
 -0.0674813
 -0.0754256
 -0.0835816
 -0.0919057
  -0.100361
  -0.108912
  -0.117528
  -0.126175
  -0.134818
  -0.143422
  -0.151949
  -0.160355
  -0.168598
  -0.176631
  -0.184404
  -0.191867
  -0.198966
  -0.205645
  -0.211846
   -0.21751
  -0.222574
  -0.226972
  -0.230633
  -0.233479
  -0.235422
   -0.23636
   -0.23617
    -0.2347
  -0.231753
  -0.227069
  -0.220293
  -0.210925
  -0.198244
  -0.181181
  -0.158104
  -0.126464
  -0.082226
 -0.0191581
  0.0710565
   0.193518
   0.332265
   0.442502
   0.496039
   0.500915
   0.483628
   0.460393
   0.437246
   0.415791
   0.396148
   0.378032
   0.361101
   0.345059
   0.329674
   0.314774
   0.300234
   0.285966
   0.271911
   0.258029
   0.244293
    0.23069
    0.21721
    0.20385
   0.190611
   0.177491
   0.164493
   0.151619
   0.138869
   0.126246
    0.11375
   0.101384
  0.0891493
  0.0770492
  0.0650881
  0.0532726
  0.0416113
  0.0301162
  0.0188031
  0.0076926
-0.00318873
  -0.013807
 -0.0241188
 -0.0340695
   -0.04359
 -0.0525936
 -0.0609739
 -0.0686022
 -0.0753297
 -0.0809931
 -0.0854265
 -0.0884797
 -0.0900376
          0
  -0.019302
