   -0.118152
   -0.117979
   -0.117614
   -0.117018
   -0.116138
   -0.114916
   -0.113298
   -0.111242
   -0.108725
   -0.105741
   -0.102296
  -0.0984097
  -0.0941055
  -0.0894102
  -0.0843508
  -0.0789524
  -0.0732373
  -0.0672243
  -0.0609282
  -0.0543605
  -0.0475287
  -0.0404373
   -0.033088
  -0.0254796
  -0.0176092
 -0.00947199
 -0.00106143
  0.00763028
   0.0166125
   0.0258965
   0.0354958
   0.0454277
   0.0557145
   0.0663861
   0.0774832
   0.0890621
    0.101201
     0.11401
    0.127643
    0.142317
    0.158338
    0.176139
    0.196335
    0.219791
    0.247691
    0.281524
    0.322617
    0.370081
    0.414811
    0.432467
    0.400137
    0.326191
    0.244508
    0.176394
     0.12469
   0.0860575
   0.0568526
   0.0343558
   0.0167051
  0.00264536
 -0.00867676
   -0.017851
  -0.0252927
  -0.0313007
  -0.0360946
    -0.03984
  -0.0426649
   -0.044672
   -0.045946
  -0.0465598
  -0.0465781
  -0.0460606
  -0.0450632
  -0.0436401
  -0.0418438
  -0.0397262
  -0.0373383
  -0.0347304
  -0.0319524
  -0.0290528
  -0.0260795
  -0.0230791
  -0.0200967
  -0.0171764
  -0.0143609
  -0.0116913
 -0.00920744
 -0.00694763
 -0.00494791
 -0.00324122
  -0.0018556
-0.000811405
-0.000117307
 0.000234936
 0.000276212
 6.48062e-05
-0.000312567
-0.000746807
 -0.00112188
 -0.00133836
           0
  0.00604031
