 -0.0191943
 -0.0203498
 -0.0226076
 -0.0258727
 -0.0300266
 -0.0349449
 -0.0405103
 -0.0466194
  -0.053185
 -0.0601345
 -0.0674078
 -0.0749543
 -0.0827299
 -0.0906944
 -0.0988103
   -0.10704
  -0.115347
  -0.123691
  -0.132031
  -0.140325
  -0.148527
  -0.156589
   -0.16446
  -0.172088
  -0.179419
  -0.186395
  -0.192958
  -0.199049
  -0.204604
   -0.20956
  -0.213848
  -0.217394
   -0.22012
  -0.221936
  -0.222738
  -0.222402
  -0.220772
  -0.217651
  -0.212775
  -0.205786
  -0.196181
  -0.183235
  -0.165875
  -0.142468
  -0.110472
  -0.065884
 -0.0025689
  0.0875288
   0.208926
    0.34487
   0.450597
   0.499049
    0.49971
   0.479424
   0.454121
   0.429514
   0.406987
   0.386525
   0.367757
   0.350291
   0.333799
   0.318027
   0.302788
   0.287948
   0.273412
   0.259116
   0.245018
   0.231088
   0.217312
   0.203679
   0.190187
   0.176834
   0.163622
   0.150552
   0.137628
   0.124852
   0.112228
  0.0997583
  0.0874474
  0.0753003
  0.0633232
  0.0515242
  0.0399137
   0.028505
  0.0173148
 0.00636395
-0.00432208
  -0.014712
 -0.0247682
 -0.0344452
 -0.0436887
 -0.0524343
 -0.0606061
 -0.0681156
 -0.0748625
  -0.080736
 -0.0856207
 -0.0894043
 -0.0919885
 -0.0933001
          0
 -0.0199259
