 -0.0188352
 -0.0197057
 -0.0214221
  -0.023939
 -0.0271971
   -0.03113
 -0.0356702
 -0.0407526
 -0.0463167
 -0.0523074
 -0.0586742
 -0.0653707
 -0.0723534
 -0.0795806
 -0.0870114
 -0.0946048
  -0.102319
  -0.110111
  -0.117935
  -0.125744
  -0.133489
  -0.141118
  -0.148579
  -0.155814
  -0.162768
  -0.169381
  -0.175593
  -0.181342
  -0.186563
  -0.191192
  -0.195158
  -0.198388
  -0.200801
  -0.202308
  -0.202803
  -0.202163
  -0.200231
   -0.19681
  -0.191635
   -0.18435
  -0.174451
  -0.161218
  -0.143585
  -0.119937
 -0.0877686
 -0.0431651
  0.0198087
   0.108765
   0.227383
   0.358034
   0.456496
   0.497553
   0.492532
    0.46845
   0.440672
   0.414412
   0.390742
   0.369461
   0.350091
   0.332175
   0.315343
   0.299313
   0.283884
   0.268906
   0.254279
   0.239931
   0.225815
     0.2119
   0.198167
   0.184607
   0.171213
   0.157985
   0.144924
   0.132031
   0.119309
   0.106763
  0.0943957
  0.0822127
  0.0702195
  0.0584233
   0.046833
  0.0354597
  0.0243172
  0.0134226
 0.00279645
-0.00753626
 -0.0175461
 -0.0271987
 -0.0364542
 -0.0452671
 -0.0535863
 -0.0613551
 -0.0685112
 -0.0749882
 -0.0807167
 -0.0856269
 -0.0896514
 -0.0927296
 -0.0948115
 -0.0958617
          0
 -0.0200757
