 -0.0201519
 -0.0203892
 -0.0208952
 -0.0217223
 -0.0229296
  -0.024569
 -0.0266766
 -0.0292697
 -0.0323482
 -0.0358977
 -0.0398933
 -0.0443025
 -0.0490879
 -0.0542085
 -0.0596206
 -0.0652786
 -0.0711351
 -0.0771406
 -0.0832441
 -0.0893929
 -0.0955324
  -0.101607
  -0.107558
  -0.113327
  -0.118855
   -0.12408
   -0.12894
  -0.133373
  -0.137314
  -0.140697
  -0.143454
  -0.145512
  -0.146793
  -0.147209
  -0.146658
   -0.14502
  -0.142143
  -0.137836
  -0.131844
  -0.123822
  -0.113285
  -0.099542
 -0.0815798
  -0.057875
 -0.0260984
  0.0173223
  0.0776255
   0.161043
   0.268954
   0.381963
   0.458571
   0.479115
   0.459424
   0.426177
   0.392814
   0.363092
   0.337232
   0.314558
   0.294322
   0.275908
   0.258847
   0.242799
   0.227518
   0.212829
   0.198609
   0.184773
   0.171262
   0.158037
   0.145074
   0.132355
   0.119872
   0.107619
  0.0955957
  0.0838011
  0.0722374
  0.0609075
  0.0498157
  0.0389676
  0.0283706
  0.0180342
 0.00797016
-0.00180682
 -0.0112788
 -0.0204243
 -0.0292181
 -0.0376313
 -0.0456313
 -0.0531826
 -0.0602472
 -0.0667866
 -0.0727632
 -0.0781432
 -0.0828996
 -0.0870154
 -0.0904863
 -0.0933212
 -0.0955406
 -0.0971716
 -0.0982411
 -0.0987703
          0
 -0.0189108
