-0.0215788
-0.0214956
-0.0213851
-0.0213435
-0.0214832
-0.0219109
-0.0227115
-0.0239428
-0.0256352
-0.0277963
 -0.030416
-0.0334712
-0.0369298
-0.0407534
-0.0448993
-0.0493216
-0.0539717
-0.0587993
-0.0637519
-0.0687756
-0.0738148
-0.0788126
 -0.083711
 -0.088451
-0.0929726
-0.0972152
 -0.101118
 -0.104618
 -0.107653
  -0.11016
  -0.11207
 -0.113315
 -0.113817
 -0.113493
 -0.112245
 -0.109955
 -0.106478
 -0.101629
-0.0951621
-0.0867426
-0.0759054
-0.0619864
-0.0440154
-0.0205443
 0.0106221
 0.0528059
  0.110765
  0.189834
  0.290014
   0.39112
  0.453809
  0.461963
  0.433869
  0.395657
  0.359455
  0.328109
  0.301332
  0.278176
  0.257746
  0.239336
  0.222427
  0.206647
  0.191727
  0.177479
  0.163768
  0.150502
  0.137616
  0.125065
   0.11282
  0.100862
 0.0891784
 0.0777615
 0.0666073
 0.0557142
 0.0450824
 0.0347136
 0.0246111
 0.0147799
0.00522714
 -0.004038
-0.0130035
-0.0216544
-0.0299724
-0.0379356
-0.0455187
 -0.052693
 -0.059427
-0.0656873
  -0.07144
-0.0766529
-0.0812982
-0.0853559
-0.0888182
-0.0916928
-0.0940059
-0.0958011
-0.0971353
-0.0980694
-0.0986585
-0.0989427
         0
-0.0176113
