  -0.025928
   -0.02524
 -0.0239607
 -0.0222588
  -0.020337
 -0.0183947
 -0.0166024
 -0.0150893
 -0.0139424
 -0.0132114
 -0.0129164
 -0.0130555
 -0.0136105
 -0.0145523
 -0.0158439
  -0.017443
 -0.0193034
 -0.0213762
 -0.0236102
 -0.0259529
 -0.0283501
 -0.0307469
 -0.0330877
 -0.0353163
 -0.0373761
 -0.0392105
 -0.0407629
 -0.0419764
  -0.042794
 -0.0431576
 -0.0430076
 -0.0422814
 -0.0409116
  -0.038823
 -0.0359288
 -0.0321248
 -0.0272813
 -0.0212319
  -0.013756
-0.00455436
 0.00678828
  0.0208607
  0.0385139
  0.0609981
  0.0901648
   0.128713
   0.180241
   0.248001
   0.329001
   0.401813
   0.432726
   0.413727
   0.368026
   0.319945
   0.278467
   0.244387
    0.21632
    0.19275
   0.172472
   0.154613
   0.138552
   0.123852
   0.110205
  0.0973948
   0.085266
  0.0737099
  0.0626488
  0.0520281
  0.0418088
  0.0319633
  0.0224718
  0.0133204
 0.00449891
-0.00399979
 -0.0121804
 -0.0200457
 -0.0275963
 -0.0348306
  -0.041745
 -0.0483328
  -0.054585
  -0.060489
 -0.0660293
 -0.0711872
 -0.0759411
  -0.080267
 -0.0841401
 -0.0875356
 -0.0904314
 -0.0928113
 -0.0946688
 -0.0960117
 -0.0968676
 -0.0972881
 -0.0973506
 -0.0971554
 -0.0968166
 -0.0964474
 -0.0961444
 -0.0959757
          0
 -0.0137356
