 -0.0373398
  -0.035883
 -0.0331106
 -0.0292702
 -0.0246617
 -0.0195845
 -0.0143011
-0.00901897
 -0.0038886
0.000990481
 0.00555973
 0.00979169
  0.0136815
  0.0172402
  0.0204899
  0.0234606
  0.0261872
  0.0287085
  0.0310654
  0.0333007
  0.0354583
  0.0375827
  0.0397187
  0.0419108
  0.0442037
  0.0466412
  0.0492668
  0.0521233
  0.0552533
  0.0586993
  0.0625048
  0.0667148
  0.0713782
  0.0765496
  0.0822928
  0.0886856
   0.095826
   0.103841
   0.112902
   0.123237
   0.135165
   0.149131
   0.165761
   0.185942
   0.210905
   0.242256
   0.281622
   0.328849
   0.376366
   0.401709
   0.381443
   0.320638
    0.24927
   0.187805
   0.139908
   0.103119
  0.0743893
  0.0513666
  0.0324174
  0.0164337
 0.00266187
-0.00941604
 -0.0201608
  -0.029827
 -0.0385964
 -0.0466003
 -0.0539351
 -0.0606724
 -0.0668662
 -0.0725586
 -0.0777826
 -0.0825652
 -0.0869286
 -0.0908918
 -0.0944707
 -0.0976789
  -0.100528
  -0.103026
  -0.105179
  -0.106992
  -0.108465
  -0.109596
   -0.11038
   -0.11081
  -0.110877
   -0.11057
  -0.109879
  -0.108795
  -0.107317
  -0.105449
  -0.103212
  -0.100642
 -0.0978053
 -0.0947955
 -0.0917413
 -0.0888018
 -0.0861556
 -0.0839815
 -0.0824361
 -0.0816336
          0
-0.00562463
