   -0.112308
    -0.11243
   -0.112642
   -0.112882
   -0.113067
   -0.113099
   -0.112883
   -0.112341
   -0.111415
   -0.110071
   -0.108296
    -0.10609
   -0.103468
   -0.100448
  -0.0970525
   -0.093303
  -0.0892203
  -0.0848222
  -0.0801233
  -0.0751347
  -0.0698637
  -0.0643144
  -0.0584879
  -0.0523822
  -0.0459932
  -0.0393144
  -0.0323374
  -0.0250523
   -0.017447
 -0.00950754
 -0.00121688
  0.00744572
   0.0165065
   0.0259998
    0.035971
   0.0464819
   0.0576173
   0.0694946
   0.0822776
   0.0961966
    0.111577
    0.128881
    0.148772
    0.172198
    0.200496
    0.235446
     0.27895
    0.331226
    0.384941
    0.416962
     0.40196
    0.343884
    0.273264
     0.21186
    0.164093
    0.127769
   0.0999009
   0.0781299
   0.0607966
   0.0467639
    0.035251
   0.0257145
     0.01777
   0.0111405
  0.00562225
  0.00106209
 -0.00265845
 -0.00563378
  -0.0079418
  -0.0096493
  -0.0108156
  -0.0114955
  -0.0117405
  -0.0116007
   -0.011125
  -0.0103621
 -0.00935999
 -0.00816672
 -0.00682986
 -0.00539654
 -0.00391329
 -0.00242583
-0.000979002
 0.000383419
  0.00161884
  0.00268607
  0.00354562
  0.00416036
  0.00449654
  0.00452554
  0.00422664
  0.00359101
   0.0026273
  0.00136847
-0.000120887
 -0.00173894
 -0.00334637
 -0.00477584
 -0.00585422
 -0.00643553
           0
  0.00419679
