 -0.0484149
  -0.046564
  -0.043023
 -0.0380735
 -0.0320566
 -0.0253135
 -0.0181446
 -0.0107899
-0.00342651
 0.00382387
  0.0108845
  0.0177126
    0.02429
  0.0306158
  0.0367014
  0.0425663
  0.0482358
  0.0537386
  0.0591062
  0.0643718
  0.0695692
   0.074733
  0.0798978
  0.0850977
  0.0903666
  0.0957375
   0.101243
   0.106913
   0.112781
   0.118875
   0.125226
   0.131868
   0.138834
   0.146164
   0.153906
   0.162118
   0.170877
   0.180283
   0.190471
   0.201626
      0.214
   0.227941
    0.24393
   0.262614
   0.284826
   0.311466
   0.342908
   0.376853
   0.402915
   0.398176
   0.345884
   0.259308
   0.172438
   0.103136
  0.0516897
  0.0136105
 -0.0151726
 -0.0375172
 -0.0553145
 -0.0698109
 -0.0818383
 -0.0919626
  -0.100576
  -0.107954
  -0.114297
   -0.11975
  -0.124421
  -0.128394
  -0.131734
  -0.134493
  -0.136713
  -0.138432
  -0.139682
   -0.14049
  -0.140883
  -0.140883
  -0.140509
  -0.139781
  -0.138713
  -0.137318
  -0.135605
  -0.133583
  -0.131255
  -0.128623
  -0.125688
  -0.122448
  -0.118902
  -0.115052
  -0.110904
  -0.106474
   -0.10179
 -0.0969002
 -0.0918813
 -0.0868428
 -0.0819334
 -0.0773405
 -0.0732806
 -0.0699795
 -0.0676445
 -0.0664341
          0
0.000443424
