 -0.0738185
 -0.0716683
 -0.0675175
  -0.061631
  -0.054334
 -0.0459583
 -0.0368035
 -0.0271172
 -0.0170903
-0.00686263
 0.00346826
  0.0138373
  0.0242035
  0.0345432
  0.0448448
  0.0551057
  0.0653287
  0.0755211
  0.0856928
  0.0958557
   0.106023
   0.116207
   0.126423
   0.136683
   0.147001
   0.157389
   0.167858
   0.178419
   0.189081
   0.199854
   0.210746
   0.221768
   0.232932
   0.244254
   0.255755
   0.267466
   0.279432
   0.291716
   0.304405
   0.317622
   0.331534
   0.346364
   0.362399
    0.37997
   0.399369
   0.420531
   0.442058
   0.458526
   0.455178
   0.407627
   0.308024
   0.181779
  0.0698355
 -0.0129739
 -0.0711433
  -0.112204
  -0.141828
  -0.163697
  -0.180136
  -0.192637
  -0.202176
  -0.209408
  -0.214788
  -0.218636
  -0.221185
  -0.222609
  -0.223043
  -0.222592
  -0.221343
  -0.219368
  -0.216731
  -0.213489
  -0.209692
  -0.205389
  -0.200624
   -0.19544
  -0.189875
  -0.183968
  -0.177752
   -0.17126
   -0.16452
  -0.157558
  -0.150398
   -0.14306
  -0.135561
  -0.127918
  -0.120145
  -0.112258
  -0.104276
 -0.0962256
 -0.0881436
 -0.0800851
 -0.0721312
 -0.0643976
 -0.0570441
  -0.050279
 -0.0443569
 -0.0395609
 -0.0361695
 -0.0344096
          0
   0.011563
