 -0.0796195
 -0.0775333
  -0.073494
 -0.0677384
 -0.0605605
 -0.0522639
  -0.043127
 -0.0333834
 -0.0232171
 -0.0127656
-0.00212811
 0.00862667
  0.0194526
  0.0303203
  0.0412121
  0.0521191
  0.0630382
   0.073971
  0.0849217
  0.0958968
   0.106904
   0.117952
    0.12905
   0.140207
   0.151431
   0.162731
   0.174113
   0.185584
    0.19715
   0.208817
   0.220589
   0.232474
   0.244479
   0.256617
   0.268906
   0.281374
    0.29406
   0.307024
   0.320349
   0.334152
   0.348593
   0.363885
   0.380296
   0.398129
   0.417622
   0.438605
   0.459469
    0.47437
   0.467854
   0.414999
   0.308792
   0.176346
  0.0599997
 -0.0255059
 -0.0852451
  -0.127193
  -0.157281
  -0.179336
   -0.19577
  -0.208122
    -0.2174
  -0.224281
  -0.229232
  -0.232586
  -0.234583
  -0.235404
   -0.23519
  -0.234051
  -0.232078
   -0.22935
  -0.225933
  -0.221889
  -0.217274
   -0.21214
  -0.206536
  -0.200508
  -0.194101
  -0.187356
  -0.180312
  -0.173007
  -0.165473
  -0.157741
  -0.149839
  -0.141792
  -0.133621
  -0.125348
  -0.116991
   -0.10857
  -0.100107
 -0.0916316
 -0.0831816
  -0.074813
 -0.0666057
 -0.0586722
 -0.0511671
 -0.0442916
 -0.0382922
 -0.0334446
 -0.0300215
 -0.0282464
          0
  0.0137785
