  -0.105409
  -0.105797
  -0.106533
  -0.107533
  -0.108685
   -0.10986
  -0.110932
  -0.111789
  -0.112349
  -0.112554
  -0.112374
  -0.111796
  -0.110822
  -0.109463
  -0.107735
  -0.105656
  -0.103241
  -0.100508
 -0.0974671
 -0.0941288
 -0.0904985
 -0.0865787
 -0.0823684
 -0.0778641
 -0.0730593
 -0.0679452
  -0.062511
 -0.0567438
 -0.0506285
 -0.0441477
 -0.0372808
 -0.0300031
 -0.0222841
 -0.0140851
-0.00535563
 0.00397153
  0.0139873
  0.0248166
  0.0366325
  0.0496776
  0.0642949
   0.080975
   0.100426
   0.123674
   0.152205
   0.188081
   0.233771
   0.290605
   0.353064
   0.399339
   0.401801
   0.359937
   0.300763
   0.246388
   0.202791
   0.168943
   0.142529
   0.121565
   0.104602
  0.0906276
  0.0789383
  0.0690397
  0.0605807
  0.0533078
  0.0470345
  0.0416209
   0.036959
  0.0329635
  0.0295639
  0.0267004
  0.0243195
  0.0223722
   0.020812
  0.0195937
  0.0186726
  0.0180042
  0.0175442
   0.017248
   0.017071
  0.0169689
  0.0168976
  0.0168133
  0.0166731
  0.0164348
  0.0160574
  0.0155013
  0.0147291
  0.0137061
  0.0124024
  0.0107948
 0.00887032
 0.00663158
 0.00410313
 0.00133979
-0.00156481
-0.00447199
-0.00719828
-0.00952766
 -0.0112393
 -0.0121483
          0
  0.0020202
