  -0.100731
 -0.0999322
 -0.0983376
 -0.0959518
 -0.0927842
 -0.0888503
 -0.0841731
 -0.0787835
 -0.0727197
 -0.0660247
  -0.058745
 -0.0509275
 -0.0426181
 -0.0338603
 -0.0246943
 -0.0151563
-0.00527812
 0.00491236
  0.0153915
  0.0261393
  0.0371395
  0.0483786
  0.0598457
  0.0715323
  0.0834314
  0.0955374
   0.107846
   0.120353
   0.133057
   0.145955
   0.159048
   0.172339
   0.185835
   0.199549
   0.213503
   0.227731
   0.242287
   0.257248
   0.272727
   0.288885
   0.305947
   0.324225
   0.344136
   0.366219
   0.391085
   0.419166
     0.4498
   0.478462
   0.490659
   0.459426
   0.371198
   0.248596
   0.134704
  0.0480853
 -0.0138332
 -0.0580239
 -0.0901075
  -0.113849
  -0.131678
  -0.145172
  -0.155376
  -0.162999
  -0.168538
  -0.172345
  -0.174681
  -0.175743
  -0.175683
  -0.174627
  -0.172676
  -0.169922
  -0.166444
  -0.162315
  -0.157605
   -0.15238
  -0.146706
  -0.140644
  -0.134257
  -0.127604
  -0.120746
  -0.113739
  -0.106639
 -0.0995019
 -0.0923785
 -0.0853198
 -0.0783745
 -0.0715893
 -0.0650096
 -0.0586794
 -0.0526419
 -0.0469394
 -0.0416134
 -0.0367049
  -0.032253
 -0.0282945
 -0.0248617
 -0.0219806
 -0.0196691
 -0.0179363
 -0.0167838
  -0.016209
          0
  0.0187691
