 -0.0986612
 -0.0988202
 -0.0991043
 -0.0994463
 -0.0997507
 -0.0999056
 -0.0997982
 -0.0993295
 -0.0984232
 -0.0970286
 -0.0951187
 -0.0926862
  -0.089738
 -0.0862907
 -0.0823664
 -0.0779902
  -0.073187
 -0.0679809
 -0.0623936
 -0.0564437
  -0.050147
 -0.0435159
 -0.0365596
 -0.0292846
 -0.0216948
 -0.0137915
-0.00557427
 0.00295975
  0.0118153
  0.0209995
  0.0305226
  0.0403986
  0.0506473
  0.0612965
  0.0723851
  0.0839681
  0.0961231
    0.10896
   0.122632
   0.137358
   0.153447
   0.171337
   0.191648
    0.21526
   0.243378
   0.277531
   0.319117
   0.367369
   0.413339
   0.432716
   0.402209
   0.329732
   0.248943
   0.181299
   0.129835
  0.0913254
   0.062184
  0.0397186
  0.0220812
 0.00802328
-0.00330507
  -0.012492
 -0.0199525
 -0.0259855
 -0.0308113
 -0.0345963
 -0.0374702
  -0.039537
 -0.0408834
 -0.0415847
 -0.0417081
 -0.0413162
 -0.0404687
 -0.0392234
 -0.0376376
 -0.0357679
  -0.033671
 -0.0314037
 -0.0290223
  -0.026583
 -0.0241415
 -0.0217529
  -0.019471
 -0.0173487
 -0.0154371
  -0.013785
 -0.0124388
  -0.011441
 -0.0108285
 -0.0106309
 -0.0108665
 -0.0115378
 -0.0126254
 -0.0140805
 -0.0158174
 -0.0177086
 -0.0195855
  -0.021251
 -0.0225046
 -0.0231792
          0
  0.0128448
