  -0.0975556
  -0.0981933
  -0.0994147
   -0.101117
   -0.103161
   -0.105387
   -0.107643
   -0.109793
   -0.111732
   -0.113388
   -0.114713
   -0.115685
   -0.116297
   -0.116551
   -0.116457
   -0.116027
   -0.115273
   -0.114209
   -0.112841
   -0.111177
    -0.10922
   -0.106969
   -0.104421
   -0.101568
  -0.0984028
  -0.0949123
  -0.0910828
  -0.0868979
  -0.0823391
   -0.077385
  -0.0720111
  -0.0661885
  -0.0598824
  -0.0530491
  -0.0456333
  -0.0375622
  -0.0287387
  -0.0190309
 -0.00825685
  0.00383772
   0.0176127
   0.0335842
   0.0525026
   0.0754706
    0.104112
    0.140764
    0.188449
    0.249585
    0.320467
    0.380659
     0.40035
    0.374621
     0.32693
    0.279656
    0.240301
    0.208985
    0.184067
    0.163937
    0.147361
    0.133453
    0.121586
    0.111318
    0.102331
   0.0943954
   0.0873433
   0.0810482
   0.0754134
   0.0703628
   0.0658342
   0.0617747
   0.0581375
   0.0548797
   0.0519603
   0.0493394
   0.0469775
   0.0448348
   0.0428712
   0.0410465
     0.03932
   0.0376509
   0.0359985
   0.0343222
   0.0325821
   0.0307386
   0.0287537
   0.0265907
   0.0242151
   0.0215963
   0.0187088
   0.0155355
   0.0120713
  0.00832934
   0.0043484
 0.000202038
 -0.00399181
 -0.00806394
  -0.0117946
  -0.0149276
  -0.0172027
  -0.0184026
           0
-0.000398949
