 -0.0688545
 -0.0700558
 -0.0723733
 -0.0756494
 -0.0796782
 -0.0842351
 -0.0891048
 -0.0941012
 -0.0990764
  -0.103921
   -0.10856
  -0.112946
  -0.117049
  -0.120854
  -0.124356
  -0.127553
  -0.130447
  -0.133037
  -0.135325
  -0.137308
  -0.138982
   -0.14034
  -0.141372
  -0.142066
  -0.142405
  -0.142373
  -0.141949
   -0.14111
  -0.139831
  -0.138083
  -0.135836
  -0.133051
  -0.129686
  -0.125688
  -0.120993
  -0.115517
  -0.109151
   -0.10175
 -0.0931148
 -0.0829676
 -0.0709162
 -0.0563938
  -0.038567
 -0.0161869
  0.0126423
  0.0507858
   0.102329
   0.171785
   0.258902
   0.345828
   0.398502
   0.403562
   0.377704
   0.343875
   0.312498
   0.285897
   0.263711
   0.245047
   0.229074
   0.215147
   0.202787
   0.191647
   0.181474
   0.172083
   0.163341
   0.155146
   0.147422
   0.140112
   0.133167
   0.126548
   0.120221
   0.114152
   0.108312
   0.102669
  0.0971942
  0.0918549
  0.0866191
  0.0814539
  0.0763255
  0.0711995
  0.0660415
   0.060817
  0.0554919
  0.0500332
  0.0444093
  0.0385914
  0.0325541
  0.0262778
   0.019751
  0.0129743
 0.00596553
-0.00123299
-0.00854513
 -0.0158502
 -0.0229721
 -0.0296721
 -0.0356516
  -0.040571
 -0.0440909
 -0.0459308
          0
-0.00124251
