 -0.0604127
 -0.0618006
 -0.0644768
 -0.0682604
 -0.0729197
 -0.0782078
  -0.083893
 -0.0897783
 -0.0957092
  -0.101572
  -0.107289
  -0.112809
    -0.1181
  -0.123144
  -0.127932
  -0.132457
  -0.136717
  -0.140709
  -0.144428
  -0.147868
  -0.151019
  -0.153869
  -0.156405
  -0.158608
  -0.160458
  -0.161933
  -0.163008
  -0.163655
  -0.163844
  -0.163541
   -0.16271
  -0.161309
  -0.159289
  -0.156593
   -0.15315
  -0.148873
  -0.143644
  -0.137312
  -0.129668
  -0.120425
  -0.109175
 -0.0953285
 -0.0780134
 -0.0559164
 -0.0270216
  0.0117689
  0.0650064
   0.138119
   0.232355
   0.330969
    0.39802
   0.416461
    0.40006
   0.372025
   0.344062
   0.319452
   0.298393
     0.2803
    0.26452
   0.250512
   0.237862
   0.226263
   0.215492
   0.205385
   0.195823
   0.186717
   0.178001
   0.169625
    0.16155
   0.153743
   0.146176
   0.138823
   0.131659
   0.124661
   0.117802
   0.111059
   0.104403
  0.0978082
  0.0912455
  0.0846863
  0.0781014
  0.0714616
  0.0647382
  0.0579034
  0.0509309
  0.0437969
  0.0364814
    0.02897
   0.021257
  0.0133484
 0.00526808
-0.00293502
 -0.0111778
 -0.0193316
 -0.0272115
 -0.0345691
 -0.0410947
 -0.0464374
 -0.0502469
 -0.0522342
          0
-0.00423113
