  -0.0439627
  -0.0456372
  -0.0488637
  -0.0534239
  -0.0590476
  -0.0654566
  -0.0723988
  -0.0796656
  -0.0870967
  -0.0945756
   -0.102022
   -0.109381
   -0.116618
    -0.12371
    -0.13064
   -0.137397
   -0.143969
   -0.150344
    -0.15651
   -0.162451
   -0.168148
   -0.173579
   -0.178722
   -0.183548
   -0.188028
   -0.192129
   -0.195816
   -0.199053
   -0.201799
   -0.204011
   -0.205642
   -0.206641
   -0.206948
   -0.206497
   -0.205204
   -0.202971
   -0.199669
   -0.195132
   -0.189133
   -0.181363
   -0.171383
   -0.158557
   -0.141943
   -0.120104
  -0.0908038
  -0.0505299
  0.00607743
   0.0859855
    0.192866
    0.311524
    0.402518
    0.442655
    0.441182
    0.422031
    0.399118
    0.377305
    0.357689
    0.340175
    0.324385
    0.309938
    0.296518
    0.283883
    0.271853
    0.260296
    0.249115
    0.238243
    0.227628
    0.217236
     0.20704
    0.197018
    0.187155
    0.177436
    0.167848
    0.158376
    0.149006
    0.139725
    0.130514
    0.121358
    0.112239
    0.103139
   0.0940382
   0.0849189
   0.0757628
   0.0665527
   0.0572731
   0.0479111
   0.0384577
   0.0289099
   0.0192728
  0.00956431
-0.000180466
 -0.00990152
  -0.0195051
  -0.0288534
  -0.0377539
  -0.0459538
  -0.0531427
  -0.0589731
  -0.0631013
  -0.0652455
           0
 -0.00981896
