  -0.0305336
  -0.0322983
  -0.0357013
  -0.0405207
  -0.0464854
  -0.0533215
   -0.060784
  -0.0686729
  -0.0768347
  -0.0851574
  -0.0935618
   -0.101993
   -0.110411
   -0.118789
   -0.127103
   -0.135335
   -0.143465
   -0.151473
   -0.159337
   -0.167032
   -0.174531
   -0.181802
   -0.188812
   -0.195525
   -0.201901
   -0.207899
   -0.213474
    -0.21858
   -0.223169
   -0.227187
   -0.230578
   -0.233283
   -0.235232
   -0.236349
   -0.236541
   -0.235699
   -0.233681
   -0.230307
   -0.225335
   -0.218433
   -0.209133
   -0.196756
   -0.180295
   -0.158206
   -0.128074
   -0.086065
  -0.0262341
   0.0594174
    0.175996
    0.308767
    0.415328
    0.468476
    0.475177
     0.46038
    0.439573
    0.418624
    0.399154
    0.381337
     0.36494
    0.349661
    0.335232
    0.321441
    0.308128
    0.295178
    0.282506
    0.270053
    0.257781
     0.24566
    0.233674
    0.221809
    0.210058
    0.198413
    0.186871
    0.175425
    0.164069
    0.152797
    0.141603
    0.130477
    0.119411
    0.108396
   0.0974242
   0.0864857
    0.075573
   0.0646797
   0.0538013
   0.0429365
   0.0320881
   0.0212651
   0.0104848
-0.000223606
  -0.0108142
  -0.0212187
  -0.0313386
  -0.0410371
  -0.0501313
  -0.0583888
  -0.0655329
  -0.0712613
  -0.0752815
  -0.0773578
           0
  -0.0145023
