 -0.0255797
 -0.0272918
 -0.0305985
 -0.0352931
 -0.0411244
 -0.0478383
 -0.0552076
 -0.0630462
 -0.0712101
 -0.0795927
 -0.0881171
 -0.0967279
  -0.105384
  -0.114055
  -0.122715
  -0.131339
  -0.139904
  -0.148385
  -0.156756
  -0.164988
  -0.173047
  -0.180898
  -0.188504
  -0.195824
  -0.202813
  -0.209426
  -0.215614
  -0.221327
  -0.226512
  -0.231112
  -0.235067
  -0.238313
  -0.240777
  -0.242378
  -0.243021
  -0.242588
  -0.240936
  -0.237876
   -0.23316
  -0.226446
  -0.217252
  -0.204883
  -0.188301
  -0.165924
  -0.135269
 -0.0923903
 -0.0311589
  0.0567052
   0.176597
   0.313596
   0.424151
   0.480023
   0.487964
   0.473481
   0.452552
   0.431282
   0.411397
   0.393112
   0.376211
     0.3604
   0.345413
   0.331039
   0.317122
   0.303545
   0.290225
   0.277107
   0.264151
   0.251333
   0.238636
   0.226051
   0.213571
   0.201194
   0.188917
   0.176737
   0.164652
   0.152659
   0.140754
   0.128932
   0.117189
   0.105521
  0.0939217
   0.082388
  0.0709171
  0.0595076
  0.0481609
  0.0368814
   0.025678
   0.014566
 0.00356877
-0.00727891
 -0.0179268
 -0.0283041
 -0.0383133
  -0.047823
 -0.0566631
  -0.064622
 -0.0714533
 -0.0768929
 -0.0806896
 -0.0826437
          0
 -0.0163752
