  0.526126
 -0.380795
 -0.468285
 -0.504633
 -0.524561
 -0.537004
  -0.54531
 -0.551128
 -0.555372
 -0.558576
 -0.561058
    -0.563
   -0.5645
 -0.565602
 -0.566314
 -0.566619
 -0.566487
 -0.565875
 -0.564732
 -0.562998
  -0.56061
 -0.557493
 -0.553569
 -0.548752
 -0.542945
 -0.536046
 -0.527939
 -0.518499
 -0.507587
 -0.495049
 -0.480714
 -0.464386
 -0.445841
  -0.42482
 -0.401009
 -0.374032
 -0.343417
 -0.308564
 -0.268691
 -0.222752
  -0.16932
 -0.106401
-0.0311485
 0.0605927
  0.174984
  0.321205
  0.512522
  0.765497
   1.08922
   1.44578
   1.71656
   1.80642
   1.71236
   1.54398
   1.37738
   1.23472
   1.11679
   1.01926
  0.937611
  0.868188
  0.808246
  0.755762
  0.709251
  0.667615
  0.630035
  0.595893
  0.564718
  0.536147
  0.509896
  0.485737
  0.463485
  0.442987
  0.424111
  0.406742
  0.390774
  0.376111
  0.362663
  0.350344
  0.339069
  0.328758
  0.319334
  0.310724
  0.302856
  0.295669
  0.289105
  0.283119
  0.277677
  0.272764
   0.26838
  0.264548
  0.261304
  0.258694
  0.256742
  0.255418
  0.254585
  0.253951
   0.25305
  0.251271
  0.247888
   0.23501
 -0.207823
 -0.318303
