  0.481524
 -0.444945
  -0.51592
  -0.53642
 -0.542117
 -0.542024
 -0.539175
 -0.534908
 -0.529903
 -0.524539
 -0.519043
 -0.513559
 -0.508179
 -0.502964
 -0.497955
 -0.493179
 -0.488654
 -0.484388
 -0.480386
 -0.476645
  -0.47316
 -0.469918
 -0.466906
 -0.464102
 -0.461481
 -0.459013
 -0.456664
 -0.454391
 -0.452147
  -0.44988
 -0.447529
 -0.445026
 -0.442295
 -0.439247
 -0.435783
 -0.431784
 -0.427108
 -0.421578
 -0.414969
 -0.406979
 -0.397197
 -0.385028
 -0.369596
 -0.349545
 -0.322715
 -0.285531
 -0.231971
 -0.152092
-0.0319075
  0.136507
  0.327584
  0.485314
  0.570787
  0.600863
  0.604548
  0.598067
   0.58827
  0.577783
  0.567533
  0.557783
  0.548543
  0.539732
  0.531252
  0.523007
  0.514916
  0.506913
  0.498948
  0.490983
  0.482992
  0.474957
  0.466866
  0.458712
   0.45049
  0.442197
  0.433831
  0.425389
  0.416868
  0.408264
  0.399571
  0.390783
  0.381894
  0.372897
  0.363787
   0.35456
  0.345214
  0.335751
  0.326179
  0.316511
  0.306768
  0.296981
  0.287195
  0.277476
  0.267918
  0.258669
  0.249967
  0.242228
  0.236235
  0.233556
  0.237966
  0.254012
-0.0107082
 -0.470816
