  0.453093
 -0.438016
 -0.497193
 -0.511503
 -0.513437
 -0.510858
 -0.506336
 -0.500973
 -0.495318
  -0.48967
  -0.48421
 -0.479054
 -0.474283
 -0.469954
 -0.466112
 -0.462796
 -0.460036
 -0.457862
 -0.456297
 -0.455367
 -0.455093
 -0.455494
  -0.45659
 -0.458397
 -0.460931
 -0.464205
 -0.468232
 -0.473023
  -0.47859
 -0.484946
 -0.492102
 -0.500078
 -0.508896
 -0.518589
 -0.529201
 -0.540796
  -0.55346
 -0.567312
  -0.58251
 -0.599268
 -0.617865
 -0.638664
 -0.662114
 -0.688737
 -0.719021
 -0.753055
 -0.789426
 -0.822036
 -0.832349
 -0.779745
 -0.627038
 -0.407962
 -0.189961
-0.0194998
  0.102164
  0.188695
  0.251896
  0.299569
  0.336602
  0.366066
  0.389936
  0.409512
  0.425681
   0.43906
  0.450094
  0.459112
  0.466365
  0.472051
  0.476326
  0.479322
  0.481149
    0.4819
  0.481657
   0.48049
   0.47846
   0.47562
  0.472017
  0.467687
  0.462665
  0.456976
  0.450644
  0.443687
  0.436121
  0.427961
  0.419221
   0.40992
  0.400077
  0.389721
  0.378887
  0.367625
  0.356002
  0.344112
  0.332086
  0.320115
   0.30849
  0.297673
  0.288449
  0.282226
  0.281953
  0.288788
-0.0574604
 -0.395632
