  0.442965
 -0.420017
 -0.475513
 -0.488728
 -0.490457
 -0.488027
 -0.483829
 -0.478892
  -0.47373
 -0.468628
 -0.463759
 -0.459238
 -0.455146
 -0.451547
  -0.44849
 -0.446019
 -0.444172
 -0.442988
 -0.442498
 -0.442737
 -0.443736
 -0.445527
 -0.448139
 -0.451602
 -0.455945
 -0.461196
 -0.467383
 -0.474536
 -0.482686
 -0.491864
 -0.502111
 -0.513469
 -0.525997
 -0.539765
 -0.554864
 -0.571417
 -0.589585
 -0.609579
 -0.631684
 -0.656277
 -0.683861
 -0.715105
 -0.750887
 -0.792331
 -0.840779
 -0.897513
 -0.962627
  -1.03134
  -1.08382
  -1.06927
 -0.930534
  -0.69378
 -0.435024
 -0.220793
  -0.06214
 0.0536369
  0.139829
  0.205842
  0.257801
  0.299658
  0.334005
  0.362579
  0.386578
  0.406845
  0.423992
  0.438475
  0.450638
  0.460755
  0.469041
  0.475676
  0.480807
  0.484561
  0.487046
  0.488357
  0.488575
   0.48777
  0.486003
  0.483327
  0.479786
  0.475417
   0.47025
  0.464312
  0.457623
  0.450203
  0.442068
  0.433239
  0.423734
   0.41358
  0.402811
  0.391474
   0.37963
  0.367367
  0.354808
  0.342128
  0.329591
  0.317605
  0.306833
  0.298401
   0.29445
  0.293494
-0.0986931
 -0.344272
