  0.352181
 -0.266941
 -0.302512
 -0.313223
 -0.317634
 -0.319504
 -0.320176
 -0.320292
 -0.320216
 -0.320182
 -0.320352
 -0.320847
 -0.321768
 -0.323199
 -0.325216
 -0.327892
 -0.331296
 -0.335494
 -0.340554
 -0.346545
 -0.353535
 -0.361595
 -0.370798
 -0.381217
 -0.392932
 -0.406023
 -0.420577
 -0.436686
  -0.45445
 -0.473981
 -0.495406
 -0.518873
 -0.544555
 -0.572667
 -0.603472
 -0.637303
 -0.674586
 -0.715878
 -0.761904
 -0.813635
  -0.87237
 -0.939876
  -1.01857
  -1.11174
  -1.22385
  -1.36056
  -1.52765
  -1.72575
  -1.93208
  -2.06221
  -1.98908
  -1.70792
   -1.3199
 -0.960928
 -0.677925
 -0.462984
 -0.298425
 -0.169666
-0.0664841
 0.0180349
 0.0885775
  0.148369
  0.199674
  0.244116
  0.282885
   0.31687
  0.346753
  0.373064
  0.396228
  0.416589
  0.434433
  0.450001
    0.4635
  0.475106
  0.484977
  0.493246
  0.500032
  0.505439
  0.509555
  0.512456
  0.514206
  0.514855
  0.514446
  0.513008
  0.510561
  0.507116
  0.502676
  0.497233
  0.490773
   0.48327
  0.474692
  0.464992
  0.454105
  0.441939
  0.428347
  0.413071
  0.395584
  0.374614
  0.346164
  0.290145
 -0.377363
 0.0251818
