  0.505051
 -0.398438
  -0.47956
 -0.508681
 -0.521615
 -0.527622
  -0.52994
 -0.530062
 -0.528781
  -0.52656
 -0.523686
 -0.520348
 -0.516668
 -0.512727
 -0.508577
 -0.504248
 -0.499755
   -0.4951
 -0.490275
 -0.485262
 -0.480036
 -0.474562
 -0.468799
 -0.462696
 -0.456194
 -0.449228
 -0.441719
 -0.433582
 -0.424719
 -0.415018
 -0.404354
 -0.392584
 -0.379542
 -0.365032
 -0.348825
 -0.330638
 -0.310124
 -0.286838
 -0.260207
 -0.229464
 -0.193565
 -0.151052
-0.0998368
-0.0368599
 0.0424513
  0.144997
   0.28097
  0.463743
  0.702969
  0.976415
   1.20103
   1.30085
   1.26356
   1.16411
   1.05909
  0.966941
  0.889915
  0.825862
  0.772066
  0.726213
  0.686509
  0.651614
  0.620525
  0.592496
  0.566966
   0.54351
  0.521803
  0.501596
  0.482694
  0.464945
  0.448225
  0.432435
  0.417493
  0.403327
  0.389877
  0.377088
  0.364909
  0.353296
  0.342203
  0.331591
  0.321422
  0.311659
  0.302269
   0.29322
  0.284486
   0.27604
  0.267861
  0.259931
  0.252235
  0.244765
  0.237514
  0.230486
  0.223696
   0.21718
  0.211022
  0.205407
  0.200755
  0.198031
  0.199852
  0.208097
-0.0643329
 -0.440718
