  0.422079
 -0.293195
 -0.358651
 -0.390753
 -0.413069
 -0.430781
 -0.445637
 -0.458411
 -0.469506
 -0.479162
 -0.487536
 -0.494735
 -0.500835
 -0.505894
 -0.509948
 -0.513023
 -0.515132
 -0.516276
 -0.516445
 -0.515619
 -0.513765
 -0.510842
 -0.506793
 -0.501553
 -0.495042
 -0.487167
  -0.47782
 -0.466878
 -0.454202
 -0.439631
 -0.422981
 -0.404039
 -0.382558
 -0.358242
 -0.330738
 -0.299608
 -0.264307
 -0.224134
 -0.178174
 -0.125206
-0.0635628
0.00907791
   0.09602
  0.202057
   0.33425
  0.503009
  0.723119
   1.01233
   1.37793
   1.77053
   2.05032
   2.11572
   1.97439
   1.75752
   1.55104
   1.37756
   1.23596
   1.12001
   1.02375
  0.942511
  0.872861
  0.812284
  0.758942
  0.711485
  0.668905
  0.630446
  0.595533
  0.563719
  0.534659
  0.508077
   0.48375
  0.461495
  0.441158
  0.422605
   0.40572
  0.390397
   0.37654
  0.364059
  0.352869
  0.342889
  0.334042
  0.326253
  0.319449
  0.313561
  0.308517
  0.304251
  0.300692
  0.297771
  0.295418
  0.293554
  0.292096
  0.290947
   0.28999
  0.289072
  0.287981
  0.286399
  0.283785
  0.279059
  0.269308
  0.238909
 -0.321222
 -0.100857
