  0.490462
 -0.433489
  -0.50829
 -0.531599
 -0.539474
 -0.541123
 -0.539689
 -0.536579
 -0.532517
 -0.527915
 -0.523021
 -0.517992
 -0.512932
 -0.507906
 -0.502959
 -0.498117
 -0.493394
 -0.488798
 -0.484325
 -0.479969
 -0.475715
 -0.471543
 -0.467428
 -0.463338
 -0.459236
 -0.455078
 -0.450815
 -0.446388
 -0.441733
 -0.436775
  -0.43143
 -0.425605
  -0.41919
  -0.41206
 -0.404067
 -0.395037
 -0.384753
 -0.372945
 -0.359262
 -0.343241
 -0.324244
 -0.301372
 -0.273321
 -0.238135
 -0.192799
 -0.132569
 -0.049952
 0.0661959
   0.22831
  0.433638
  0.636312
  0.773339
  0.815273
  0.799502
  0.764746
  0.727991
  0.694448
  0.665047
  0.639426
  0.616934
  0.596942
  0.578924
  0.562461
  0.547227
   0.53297
  0.519498
  0.506662
   0.49435
  0.482477
  0.470976
  0.459795
  0.448896
  0.438246
  0.427818
  0.417588
  0.407538
  0.397645
  0.387893
  0.378262
  0.368735
  0.359296
  0.349926
  0.340613
  0.331344
   0.32211
  0.312903
  0.303724
  0.294575
  0.285467
  0.276418
   0.26746
  0.258636
  0.250018
  0.241717
  0.233926
  0.226995
  0.221608
  0.219194
  0.223311
  0.238176
-0.0196643
 -0.470798
