   0.37826
 -0.290311
 -0.346526
 -0.375087
 -0.396138
 -0.413692
 -0.429029
 -0.442678
 -0.454898
 -0.465838
  -0.47559
 -0.484219
 -0.491771
 -0.498282
 -0.503774
 -0.508264
 -0.511759
 -0.514257
 -0.515747
  -0.51621
 -0.515614
 -0.513921
 -0.511079
 -0.507024
 -0.501681
 -0.494963
 -0.486767
 -0.476974
 -0.465451
 -0.452042
 -0.436572
 -0.418835
 -0.398591
 -0.375558
 -0.349391
 -0.319671
 -0.285869
  -0.24731
 -0.203109
 -0.152084
-0.0926237
-0.0224773
 0.0615601
  0.164146
  0.292156
  0.455754
  0.669452
  0.950866
   1.30795
   1.69425
   1.97478
   2.04868
   1.92036
   1.71597
   1.51949
   1.35366
   1.21793
   1.10657
     1.014
  0.935793
  0.868687
  0.810285
  0.758838
  0.713054
  0.671974
  0.634875
  0.601208
  0.570549
  0.542568
  0.517004
  0.493645
  0.472319
  0.452878
  0.435197
  0.419166
  0.404684
   0.39166
  0.380008
  0.369647
  0.360501
  0.352494
  0.345554
  0.339612
  0.334597
  0.330444
  0.327083
  0.324448
   0.32247
  0.321077
  0.320193
  0.319733
  0.319597
  0.319664
  0.319771
  0.319685
  0.319043
  0.317203
  0.312824
  0.302154
  0.266656
 -0.352138
-0.0261222
