  0.326252
 -0.290189
 -0.335704
 -0.359822
 -0.378934
 -0.395781
 -0.411133
 -0.425256
 -0.438257
 -0.450185
 -0.461066
 -0.470918
 -0.479755
 -0.487588
 -0.494425
 -0.500271
 -0.505124
  -0.50898
 -0.511826
 -0.513643
 -0.514402
 -0.514066
 -0.512589
 -0.509912
 -0.505965
 -0.500667
 -0.493921
 -0.485619
 -0.475634
 -0.463822
 -0.450015
 -0.434021
 -0.415615
  -0.39453
 -0.370443
  -0.34296
 -0.311582
 -0.275675
 -0.234407
 -0.186663
 -0.130925
-0.0650664
 0.0139441
  0.110523
  0.231209
  0.385712
  0.587992
  0.855281
   1.19636
   1.56938
   1.84758
   1.93231
   1.82346
   1.63873
    1.4584
   1.30512
   1.17914
   1.07549
  0.989135
  0.916069
  0.853292
  0.798601
  0.750384
  0.707449
   0.66891
  0.634101
  0.602514
  0.573759
  0.547534
  0.523598
  0.501759
  0.481858
  0.463762
  0.447356
  0.432541
  0.419224
  0.407323
  0.396758
  0.387455
  0.379343
  0.372353
  0.366418
  0.361471
  0.357448
  0.354286
   0.35192
  0.350286
  0.349319
   0.34895
  0.349105
    0.3497
  0.350639
  0.351795
  0.353003
  0.354014
  0.354428
  0.353512
  0.349683
  0.338378
  0.298231
  -0.37852
 0.0522673
