  0.209876
 -0.190594
  -0.20396
 -0.209346
 -0.213833
 -0.217787
 -0.221429
 -0.224925
 -0.228415
 -0.232014
 -0.235816
   -0.2399
 -0.244337
  -0.24919
 -0.254519
 -0.260383
  -0.26684
 -0.273947
 -0.281766
 -0.290356
 -0.299781
 -0.310107
 -0.321403
 -0.333742
 -0.347198
 -0.361852
  -0.37779
 -0.395104
 -0.413898
 -0.434283
 -0.456389
 -0.480368
 -0.506397
 -0.534695
  -0.56553
  -0.59924
 -0.636258
 -0.677144
 -0.722633
 -0.773699
 -0.831653
 -0.898273
 -0.975989
  -1.06814
  -1.17925
   -1.3151
  -1.48182
  -1.68074
   -1.8906
  -2.02941
  -1.97114
  -1.70722
  -1.33388
 -0.985204
 -0.709048
  -0.49878
  -0.33755
 -0.211255
 -0.109943
-0.0268528
 0.0426117
  0.101622
  0.152411
  0.196582
  0.235314
  0.269489
  0.299786
  0.326734
  0.350755
  0.372197
  0.391344
  0.408441
  0.423696
  0.437289
  0.449379
  0.460106
  0.469592
  0.477946
  0.485262
  0.491624
    0.4971
  0.501749
  0.505619
  0.508743
  0.511145
  0.512836
  0.513813
  0.514055
  0.513526
  0.512164
  0.509877
  0.506534
  0.501942
  0.495818
  0.487727
  0.476955
  0.462196
  0.440671
  0.404573
    0.3227
 -0.497477
    0.2876
