   0.28667
 -0.216801
 -0.241796
 -0.250369
 -0.255241
  -0.25848
 -0.260891
   -0.2629
 -0.264776
 -0.266703
 -0.268819
 -0.271233
 -0.274036
 -0.277308
 -0.281123
 -0.285551
 -0.290661
 -0.296518
 -0.303192
 -0.310752
 -0.319267
 -0.328812
  -0.33946
 -0.351291
 -0.364386
 -0.378831
 -0.394718
 -0.412146
 -0.431222
 -0.452068
 -0.474819
 -0.499634
 -0.526701
  -0.55625
 -0.588563
 -0.623996
 -0.663004
 -0.706176
 -0.754288
 -0.808369
   -0.8698
 -0.940461
  -1.02292
  -1.12072
  -1.23864
  -1.38283
   -1.5598
  -1.77107
   -1.9943
  -2.14299
  -2.08371
  -1.80676
  -1.41333
  -1.04523
 -0.753371
 -0.530961
 -0.360304
 -0.226553
 -0.119218
-0.0311737
 0.0424265
  0.104926
  0.158677
  0.205368
   0.24624
  0.282221
  0.314022
  0.342198
  0.367194
  0.389369
  0.409023
  0.426409
  0.441743
  0.455212
  0.466981
  0.477193
  0.485974
  0.493434
  0.499669
  0.504762
  0.508783
  0.511789
  0.513824
  0.514924
  0.515109
  0.514389
  0.512761
  0.510209
  0.506702
  0.502188
  0.496597
  0.489826
  0.481731
  0.472102
  0.460618
   0.44675
  0.429511
  0.406746
  0.372249
  0.299481
  -0.45603
   0.16936
