  0.112623
 -0.195953
 -0.195787
 -0.197181
 -0.201225
 -0.206338
 -0.211969
 -0.217901
 -0.224058
 -0.230421
 -0.236994
  -0.24379
 -0.250827
 -0.258127
 -0.265714
 -0.273618
 -0.281868
   -0.2905
 -0.299551
 -0.309063
  -0.31908
 -0.329649
 -0.340819
 -0.352646
 -0.365183
 -0.378491
 -0.392635
 -0.407682
 -0.423708
 -0.440798
 -0.459049
 -0.478575
 -0.499509
 -0.522016
 -0.546303
 -0.572626
 -0.601318
 -0.632806
 -0.667651
 -0.706598
 -0.750639
 -0.801115
 -0.859844
 -0.929293
  -1.01274
  -1.11427
  -1.23779
  -1.38274
  -1.52974
  -1.61174
  -1.53208
  -1.29356
 -0.979958
 -0.695884
 -0.474699
 -0.308221
 -0.181698
-0.0833202
  -0.00491
 0.0590272
  0.112202
  0.157163
  0.195701
  0.229098
  0.258299
  0.284012
   0.30678
  0.327032
   0.34511
  0.361294
   0.37582
  0.388885
  0.400661
  0.411298
  0.420926
  0.429662
  0.437607
  0.444854
  0.451481
  0.457559
  0.463149
  0.468303
  0.473064
  0.477467
  0.481536
  0.485287
  0.488726
  0.491843
  0.494613
  0.496989
  0.498897
  0.500216
  0.500766
  0.500265
  0.498265
  0.494006
  0.486069
  0.471408
  0.441404
  0.362482
 -0.493062
  0.380439
