 0.249059
-0.200453
-0.219696
-0.226778
-0.231547
-0.235213
-0.238292
-0.241086
-0.243802
-0.246594
-0.249579
-0.252853
-0.256498
-0.260589
-0.265192
-0.270373
-0.276197
-0.282727
-0.290029
-0.298167
-0.307211
 -0.31723
-0.328299
-0.340492
 -0.35389
-0.368578
-0.384646
-0.402191
-0.421319
 -0.44215
-0.464818
-0.489481
-0.516324
-0.545575
-0.577513
-0.612491
-0.650958
-0.693498
-0.740876
-0.794108
 -0.85456
-0.924086
 -1.00523
 -1.10147
 -1.21754
 -1.35953
 -1.53389
 -1.74218
 -1.96255
 -2.10996
 -2.05299
 -1.78169
 -1.39532
 -1.03351
-0.746528
-0.527803
-0.359966
-0.228421
-0.122852
-0.036245
  0.03617
0.0976862
 0.150621
  0.19664
 0.236966
 0.272515
 0.303988
 0.331935
 0.356794
 0.378921
 0.398614
 0.416122
  0.43166
 0.445415
 0.457548
 0.468204
 0.477508
  0.48557
 0.492488
 0.498344
 0.503209
 0.507142
 0.510189
 0.512385
 0.513752
 0.514301
 0.514027
 0.512913
 0.510922
 0.507997
 0.504054
 0.498971
 0.492576
 0.484616
 0.474705
 0.462208
 0.445959
 0.423457
 0.387616
 0.309344
-0.481055
 0.231996
