  0.378811
 -0.298682
  -0.33892
 -0.350269
 -0.354129
 -0.355072
 -0.354683
 -0.353697
 -0.352514
 -0.351382
 -0.350469
 -0.349899
  -0.34977
 -0.350166
 -0.351161
 -0.352824
  -0.35522
 -0.358414
  -0.36247
 -0.367451
 -0.373422
  -0.38045
 -0.388602
 -0.397948
 -0.408558
 -0.420509
 -0.433878
  -0.44875
 -0.465217
 -0.483379
 -0.503353
 -0.525272
 -0.549295
 -0.575618
  -0.60448
 -0.636189
 -0.671136
 -0.709832
 -0.752948
 -0.801376
 -0.856315
  -0.91939
 -0.992817
  -1.07962
  -1.18383
  -1.31054
  -1.46474
  -1.64626
   -1.8324
  -1.94253
  -1.85828
   -1.5795
  -1.20513
 -0.862592
 -0.594088
 -0.390862
  -0.23563
 -0.114376
-0.0173459
 0.0620293
  0.128188
  0.184178
  0.232134
  0.273585
  0.309652
  0.341169
  0.368776
  0.392973
  0.414157
  0.432652
  0.448728
  0.462609
  0.474491
  0.484539
    0.4929
  0.499701
   0.50505
  0.509046
  0.511769
   0.51329
  0.513667
  0.512948
   0.51117
  0.508361
  0.504541
  0.499723
  0.493913
   0.48711
  0.479311
  0.470507
  0.460689
  0.449842
  0.437949
  0.424984
  0.410898
  0.395586
  0.378782
  0.359723
  0.335677
  0.290281
  -0.32579
-0.0530216
