  0.462868
 -0.448163
 -0.511188
 -0.527092
 -0.529755
 -0.527507
 -0.523087
 -0.517678
 -0.511865
 -0.505973
 -0.500191
 -0.494642
 -0.489407
 -0.484543
 -0.480091
 -0.476084
 -0.472547
 -0.469501
 -0.466963
 -0.464948
 -0.463468
 -0.462531
 -0.462144
 -0.462312
 -0.463036
 -0.464315
 -0.466145
 -0.468519
  -0.47143
 -0.474866
 -0.478817
 -0.483272
 -0.488219
 -0.493651
 -0.499563
 -0.505957
 -0.512843
  -0.52024
 -0.528177
 -0.536695
  -0.54584
 -0.555654
  -0.56614
 -0.577188
 -0.588393
  -0.59861
 -0.604859
 -0.599713
 -0.566078
 -0.474163
 -0.307769
 -0.108309
 0.0660668
  0.190028
  0.272519
  0.328132
  0.367054
  0.395377
  0.416676
  0.433089
  0.445934
  0.456054
  0.464005
  0.470167
  0.474809
  0.478128
  0.480274
  0.481365
  0.481499
  0.480755
  0.479202
  0.476901
  0.473905
  0.470258
  0.466002
   0.46117
  0.455792
  0.449892
  0.443491
  0.436604
  0.429245
  0.421426
  0.413155
  0.404442
  0.395299
  0.385739
  0.375781
   0.36545
  0.354781
  0.343822
  0.332638
  0.321319
  0.309994
  0.298853
  0.288188
  0.278478
  0.270564
  0.266016
  0.268322
  0.280515
-0.0291533
 -0.433714
