  0.145102
 -0.189088
  -0.19364
 -0.196547
 -0.200856
 -0.205658
 -0.210677
 -0.215836
 -0.221141
 -0.226621
 -0.232313
 -0.238254
 -0.244483
 -0.251036
  -0.25795
 -0.265265
 -0.273023
 -0.281265
 -0.290039
 -0.299393
 -0.309381
 -0.320056
 -0.331476
 -0.343705
 -0.356806
 -0.370848
 -0.385906
  -0.40206
 -0.419398
 -0.438019
 -0.458036
 -0.479579
 -0.502805
 -0.527905
 -0.555116
 -0.584734
 -0.617139
 -0.652825
 -0.692436
 -0.736828
 -0.787147
 -0.844942
  -0.91233
 -0.992195
  -1.08842
  -1.20592
  -1.34969
  -1.52019
  -1.69732
  -1.80728
  -1.73959
  -1.49121
   -1.1512
   -0.8379
 -0.591674
  -0.40522
 -0.262884
 -0.151824
-0.0630461
0.00952726
 0.0700183
  0.121267
   0.16527
  0.203461
  0.236896
  0.266366
  0.292477
  0.315706
  0.336433
  0.354972
   0.37158
  0.386477
  0.399853
  0.411873
  0.422679
  0.432401
   0.44115
  0.449026
  0.456118
  0.462502
  0.468246
  0.473405
  0.478027
  0.482149
  0.485799
  0.488991
  0.491731
  0.494008
  0.495794
  0.497037
  0.497658
  0.497529
  0.496464
  0.494175
   0.49021
  0.483811
  0.473586
  0.456559
  0.424371
  0.344312
 -0.493985
  0.348883
