  0.505103
 -0.398483
  -0.47959
 -0.508702
 -0.521633
 -0.527637
 -0.529953
 -0.530073
 -0.528789
 -0.526565
 -0.523689
 -0.520347
 -0.516663
 -0.512717
 -0.508561
 -0.504226
 -0.499727
 -0.495065
 -0.490232
 -0.485211
 -0.479976
 -0.474493
 -0.468719
 -0.462604
 -0.456091
 -0.449111
 -0.441588
 -0.433436
 -0.424555
 -0.414836
 -0.404152
 -0.392359
 -0.379292
 -0.364755
 -0.348516
 -0.330295
  -0.30974
 -0.286409
 -0.259725
  -0.22892
 -0.192948
 -0.150347
-0.0990236
 -0.035913
 0.0435675
  0.146332
  0.282591
  0.465737
   0.70542
  0.979316
   1.20418
   1.30392
   1.26631
   1.16648
   1.06113
  0.968719
  0.891489
  0.827276
  0.773353
  0.727396
  0.687607
   0.65264
  0.621491
  0.593411
  0.567836
   0.54434
  0.522598
  0.502359
  0.483429
  0.465653
   0.44891
  0.433098
  0.418136
  0.403951
  0.390484
  0.377678
  0.365484
  0.353855
  0.342749
  0.332123
  0.321941
  0.312165
  0.302762
  0.293702
  0.284955
  0.276497
  0.268306
  0.260364
  0.252657
  0.245174
  0.237911
  0.230871
  0.224068
  0.217539
  0.211367
  0.205737
  0.201068
  0.198324
  0.200114
  0.208294
-0.0647059
 -0.440397
