 0.180654
-0.187276
-0.197011
-0.201535
-0.206145
-0.210667
 -0.21511
-0.219537
-0.224027
-0.228659
-0.233499
-0.238607
-0.244037
-0.249841
-0.256068
-0.262766
-0.269986
-0.277781
-0.286203
-0.295309
-0.305158
-0.315813
-0.327338
-0.339802
-0.353279
-0.367844
-0.383582
 -0.40058
-0.418938
-0.438765
-0.460188
-0.483351
-0.508429
-0.535633
-0.565224
-0.597532
-0.632975
-0.672098
-0.715614
-0.764468
 -0.81993
-0.883719
-0.958188
 -1.04656
  -1.1532
 -1.28369
 -1.44389
   -1.635
 -1.83626
 -1.96818
 -1.90904
 -1.65136
 -1.28884
-0.951093
-0.684071
-0.481088
-0.325699
-0.204184
-0.106871
-0.027197
0.0393014
0.0957033
 0.144176
 0.186279
 0.223156
 0.255666
 0.284469
  0.31008
 0.332911
   0.3533
 0.371525
 0.387825
 0.402401
 0.415431
 0.427069
 0.437452
 0.446701
 0.454923
 0.462211
 0.468647
 0.474303
 0.479237
 0.483501
 0.487132
 0.490158
 0.492595
 0.494446
 0.495699
 0.496324
 0.496267
 0.495445
  0.49373
 0.490934
 0.486775
 0.480812
 0.472316
 0.459951
 0.440881
 0.407146
 0.327273
-0.490476
 0.309822
