  0.452308
 -0.387308
 -0.454531
 -0.481468
 -0.497243
 -0.508615
 -0.517819
 -0.525811
 -0.533054
 -0.539787
 -0.546143
 -0.552191
 -0.557967
 -0.563488
 -0.568756
 -0.573767
 -0.578508
 -0.582965
 -0.587117
  -0.59094
 -0.594409
 -0.597491
 -0.600153
 -0.602354
 -0.604052
 -0.605199
 -0.605743
 -0.605627
 -0.604792
 -0.603173
 -0.600701
 -0.597304
 -0.592904
 -0.587414
 -0.580741
 -0.572774
 -0.563385
 -0.552412
 -0.539643
 -0.524794
  -0.50746
 -0.487052
 -0.462674
  -0.43293
 -0.395564
 -0.346835
 -0.280433
  -0.18601
-0.0493132
  0.136505
  0.341706
  0.505597
  0.588469
  0.610859
  0.604996
  0.588591
  0.569062
  0.549254
  0.530184
  0.512165
  0.495242
  0.479367
   0.46447
  0.450485
  0.437356
  0.425043
  0.413517
  0.402757
   0.39275
  0.383487
   0.37496
  0.367159
  0.360076
  0.353695
     0.348
  0.342969
  0.338574
  0.334783
  0.331558
  0.328855
  0.326625
  0.324815
  0.323366
  0.322214
  0.321291
  0.320525
  0.319841
   0.31916
  0.318403
   0.31749
  0.316344
  0.314891
   0.31307
  0.310834
  0.308166
  0.305084
  0.301661
   0.29798
  0.293811
  0.280668
 -0.209805
 -0.242503
