 0.504052
-0.398475
-0.474614
-0.504582
-0.521217
-0.532459
-0.541001
-0.548025
-0.554117
-0.559591
-0.564622
 -0.56931
-0.573711
-0.577853
 -0.58175
-0.585403
-0.588806
-0.591947
-0.594809
 -0.59737
-0.599604
-0.601482
-0.602968
-0.604022
-0.604599
-0.604651
-0.604122
-0.602952
-0.601076
-0.598425
-0.594922
-0.590486
-0.585028
-0.578448
-0.570635
-0.561459
-0.550763
-0.538353
-0.523973
 -0.50728
-0.487794
-0.464818
-0.437311
-0.403668
-0.361335
-0.306144
-0.231214
-0.125587
0.0249634
 0.224633
 0.437594
 0.599923
 0.673453
 0.684656
 0.669069
 0.644965
 0.619454
 0.594958
 0.572152
 0.551092
 0.531638
 0.513609
  0.49684
 0.481191
 0.466553
 0.452845
 0.440005
 0.427989
 0.416763
 0.406301
 0.396584
 0.387592
 0.379307
 0.371708
 0.364773
 0.358475
 0.352783
 0.347662
 0.343072
 0.338968
   0.3353
 0.332015
 0.329054
 0.326355
 0.323852
 0.321476
 0.319156
 0.316817
 0.314385
 0.311786
 0.308947
 0.305802
 0.302292
 0.298375
 0.294037
 0.289314
 0.284333
 0.279349
 0.274742
 0.263966
-0.197673
-0.306379
