  0.490566
  -0.43352
 -0.508316
 -0.531622
 -0.539496
 -0.541145
  -0.53971
 -0.536599
 -0.532535
  -0.52793
 -0.523032
    -0.518
 -0.512935
 -0.507904
 -0.502951
 -0.498102
 -0.493373
 -0.488768
 -0.484288
 -0.479922
 -0.475659
 -0.471476
  -0.46735
 -0.463248
 -0.459133
 -0.454962
 -0.450683
  -0.44624
 -0.441567
 -0.436589
 -0.431224
 -0.425375
 -0.418934
 -0.411775
 -0.403751
 -0.394684
 -0.384359
 -0.372504
 -0.358766
 -0.342681
 -0.323608
 -0.300646
 -0.272484
  -0.23716
  -0.19165
 -0.131194
 -0.048283
 0.0682487
  0.230833
  0.436624
  0.639547
  0.776503
  0.818104
   0.80194
  0.766843
  0.729819
  0.696065
    0.6665
  0.640747
  0.618149
  0.598069
  0.579978
  0.563453
  0.548165
  0.533861
  0.520347
  0.507475
  0.495131
  0.483228
  0.471699
  0.460494
  0.449572
  0.438901
  0.428453
  0.418206
  0.408137
  0.398229
   0.38846
  0.378815
  0.369274
   0.35982
  0.350437
  0.341111
  0.331829
  0.322581
  0.313362
   0.30417
  0.295008
  0.285887
  0.276826
  0.267855
  0.259018
  0.250385
  0.242071
  0.234265
  0.227317
  0.221912
  0.219475
  0.223557
  0.238351
-0.0200794
 -0.470486
