 0.478661
-0.305322
-0.370699
-0.396183
-0.409091
-0.415819
-0.418748
 -0.41908
-0.417547
-0.414644
-0.410739
-0.406113
-0.400991
-0.395556
-0.389963
-0.384341
  -0.3788
-0.373434
-0.368325
-0.363541
-0.359141
-0.355173
-0.351677
-0.348682
-0.346211
-0.344274
-0.342877
-0.342012
-0.341666
-0.341812
-0.342415
 -0.34343
-0.344797
-0.346445
-0.348286
-0.350213
-0.352095
-0.353771
-0.355031
-0.355601
-0.355106
-0.353012
-0.348529
-0.340434
-0.326746
 -0.30413
-0.266791
  -0.2047
-0.102436
0.0529882
 0.244099
 0.416626
 0.525921
 0.580392
 0.605553
 0.617473
 0.623628
 0.627241
 0.629667
 0.631455
 0.632804
 0.633758
 0.634297
 0.634379
 0.633958
 0.632994
 0.631456
 0.629323
 0.626585
  0.62324
 0.619294
 0.614761
 0.609659
 0.604008
 0.597835
 0.591163
  0.58402
 0.576431
 0.568422
 0.560015
 0.551234
 0.542098
 0.532626
 0.522834
 0.512738
 0.502348
 0.491675
 0.480724
 0.469494
 0.457979
 0.446156
 0.433988
 0.421404
 0.408289
 0.394448
 0.379548
 0.362991
 0.343535
 0.317829
 0.268187
-0.359514
-0.119147
