  0.80301
-0.337461
-0.465413
-0.520126
-0.549513
-0.566539
-0.576272
-0.581323
-0.583231
-0.582983
-0.581237
-0.578446
-0.574931
-0.570918
-0.566573
-0.562019
-0.557343
-0.552612
-0.547873
-0.543156
-0.538481
-0.533854
-0.529272
-0.524722
-0.520181
-0.515615
-0.510983
-0.506232
-0.501299
-0.496108
-0.490573
-0.484593
 -0.47805
-0.470805
-0.462696
-0.453526
-0.443052
-0.430969
-0.416884
-0.400272
-0.380415
-0.356299
-0.326448
-0.288649
-0.239478
 -0.17352
-0.082164
0.0475697
 0.230676
 0.465838
 0.702596
 0.868005
 0.925597
 0.915803
 0.882519
  0.84558
 0.811364
 0.781234
 0.754962
 0.731922
  0.71147
 0.693054
 0.676226
 0.660635
 0.646008
 0.632137
  0.61886
 0.606055
  0.59363
 0.581514
 0.569654
 0.558009
 0.546547
 0.535243
 0.524073
 0.513019
 0.502061
  0.49118
 0.480357
 0.469572
 0.458803
 0.448026
 0.437219
 0.426356
 0.415409
 0.404349
 0.393143
 0.381755
 0.370139
 0.358238
 0.345976
  0.33325
 0.319916
 0.305771
 0.290528
 0.273786
 0.254992
 0.233345
 0.207614
 0.167008
-0.350175
-0.452835
