  0.254998
 -0.201695
 -0.222422
 -0.230081
 -0.235123
 -0.238964
 -0.242187
 -0.245118
 -0.247973
 -0.250907
 -0.254039
 -0.257464
 -0.261262
 -0.265507
 -0.270265
 -0.275602
  -0.28158
 -0.288265
 -0.295721
 -0.304016
 -0.313219
 -0.323401
 -0.334638
 -0.347007
 -0.360592
 -0.375478
  -0.39176
 -0.409537
 -0.428921
 -0.450033
 -0.473014
 -0.498026
 -0.525263
  -0.55496
 -0.587407
 -0.622967
 -0.662107
 -0.705431
 -0.753729
 -0.808053
 -0.869815
 -0.940933
  -1.02404
  -1.12274
  -1.24195
  -1.38802
  -1.56772
  -1.78296
  -2.01177
  -2.16729
  -2.11424
   -1.8409
  -1.44781
  -1.07838
 -0.784935
 -0.561161
 -0.389449
 -0.254913
 -0.147007
-0.0585479
 0.0153524
 0.0780722
   0.13199
  0.178816
  0.219807
  0.255903
  0.287826
   0.31614
  0.341294
  0.363655
  0.383527
  0.401166
  0.416793
  0.430597
  0.442746
  0.453385
  0.462645
  0.470638
  0.477464
   0.48321
  0.487948
  0.491742
  0.494641
  0.496683
  0.497895
  0.498293
  0.497877
  0.496634
  0.494535
   0.49153
  0.487542
   0.48246
  0.476122
  0.468293
  0.458609
  0.446472
  0.430786
   0.40919
  0.374989
  0.300398
 -0.464436
  0.209438
