 0.209565
-0.280529
-0.293601
-0.297729
-0.301379
-0.304774
-0.307831
-0.310475
-0.312686
-0.314484
-0.315912
-0.317035
-0.317923
-0.318655
-0.319309
-0.319967
-0.320705
  -0.3216
-0.322722
-0.324141
-0.325919
-0.328115
-0.330782
 -0.33397
-0.337721
-0.342072
-0.347058
-0.352703
 -0.35903
-0.366055
-0.373792
-0.382251
-0.391437
 -0.40136
-0.412025
-0.423447
-0.435641
-0.448634
-0.462464
-0.477179
-0.492841
-0.509509
-0.527218
-0.545905
-0.565233
-0.584146
-0.599754
-0.604596
-0.580991
-0.496997
-0.332654
-0.127899
0.0568014
 0.192286
 0.285688
 0.351293
 0.399406
  0.43629
 0.465651
 0.489717
 0.509869
 0.526987
 0.541653
 0.554263
 0.565099
 0.574366
 0.582224
   0.5888
 0.594201
 0.598522
 0.601846
  0.60425
 0.605807
 0.606584
 0.606646
 0.606051
 0.604857
 0.603114
  0.60087
 0.598167
 0.595046
  0.59154
  0.58768
 0.583494
 0.579004
 0.574231
 0.569189
 0.563891
  0.55834
 0.552536
  0.54646
 0.540078
 0.533319
 0.526051
 0.518035
 0.508807
 0.497411
 0.481611
 0.454644
 0.387372
-0.452457
 0.242892
