   0.24447
 -0.205927
 -0.225542
 -0.238731
 -0.251423
 -0.263162
 -0.273934
  -0.28384
 -0.293017
 -0.301599
 -0.309699
 -0.317415
  -0.32483
 -0.332019
  -0.33905
 -0.345984
 -0.352883
 -0.359804
 -0.366802
  -0.37393
  -0.38124
  -0.38878
 -0.396596
 -0.404731
 -0.413227
 -0.422121
 -0.431447
 -0.441237
 -0.451524
 -0.462335
 -0.473703
  -0.48566
 -0.498242
 -0.511497
 -0.525481
 -0.540268
 -0.555955
  -0.57267
 -0.590582
 -0.609911
 -0.630942
 -0.654039
 -0.679647
  -0.70827
 -0.740346
  -0.77586
 -0.813157
 -0.845618
 -0.853628
 -0.794913
 -0.631652
 -0.400136
 -0.171473
0.00667387
  0.133824
  0.224554
  0.291247
  0.342038
  0.382003
  0.414327
  0.441054
  0.463535
  0.482689
  0.499163
  0.513422
  0.525816
  0.536615
   0.54603
  0.554239
  0.561389
  0.567607
  0.573005
  0.577682
  0.581726
  0.585218
  0.588227
  0.590818
  0.593047
  0.594961
  0.596603
  0.598006
  0.599198
    0.6002
  0.601024
  0.601676
  0.602154
  0.602443
  0.602517
  0.602332
  0.601821
  0.600878
  0.599341
  0.596961
  0.593342
   0.58784
  0.579355
  0.565858
  0.543115
  0.499676
  0.392042
 -0.684034
  0.439563
