  0.197447
 -0.263786
 -0.274495
 -0.279064
  -0.28402
 -0.288976
 -0.293676
 -0.297991
 -0.301885
 -0.305372
 -0.308494
 -0.311309
 -0.313885
 -0.316292
 -0.318606
 -0.320901
  -0.32325
 -0.325725
 -0.328395
 -0.331326
  -0.33458
 -0.338214
 -0.342283
 -0.346836
 -0.351918
 -0.357567
  -0.36382
 -0.370706
 -0.378251
 -0.386479
 -0.395408
 -0.405057
 -0.415443
 -0.426586
 -0.438509
 -0.451245
 -0.464835
 -0.479338
 -0.494833
 -0.511423
  -0.52924
 -0.548441
 -0.569195
 -0.591622
  -0.61564
 -0.640541
 -0.663855
 -0.678431
 -0.666025
 -0.591386
 -0.428614
 -0.216101
-0.0175453
  0.131799
  0.236413
  0.310552
   0.36513
  0.406985
  0.440247
  0.467445
  0.490166
  0.509438
  0.525949
  0.540171
  0.552445
  0.563019
  0.572087
  0.579803
  0.586296
  0.591675
  0.596038
  0.599474
  0.602063
  0.603881
  0.604997
  0.605476
  0.605377
  0.604754
  0.603657
  0.602131
  0.600215
  0.597944
  0.595347
  0.592451
  0.589278
  0.585843
  0.582159
  0.578233
  0.574062
  0.569633
  0.564918
  0.559861
  0.554362
  0.548245
  0.541197
  0.532632
  0.521366
  0.504704
  0.474702
  0.398507
 -0.504239
  0.306791
