 0.218747
 -0.22461
-0.239346
-0.248924
-0.258731
 -0.26809
-0.276813
-0.284881
-0.292353
-0.299309
-0.305832
-0.312003
-0.317895
-0.323582
-0.329132
-0.334612
-0.340086
-0.345617
-0.351266
-0.357091
-0.363149
-0.369492
 -0.37617
-0.383229
-0.390714
-0.398663
-0.407113
-0.416097
-0.425646
-0.435788
-0.446552
-0.457968
-0.470068
-0.482891
-0.496485
-0.510915
-0.526261
-0.542634
-0.560177
-0.579081
-0.599589
-0.622013
-0.646725
 -0.67413
-0.704535
 -0.73775
-0.771919
-0.800301
-0.803655
-0.741504
-0.578979
-0.352719
-0.131851
0.0390621
 0.160704
 0.247505
 0.311438
 0.360289
 0.398881
 0.430225
 0.456245
 0.478206
 0.496965
 0.513121
 0.527108
 0.539246
 0.549785
 0.558921
 0.566818
 0.573613
 0.579426
 0.584362
 0.588517
 0.591974
 0.594813
 0.597103
 0.598907
 0.600283
  0.60128
 0.601941
 0.602305
 0.602401
 0.602256
 0.601889
  0.60131
 0.600527
 0.599536
 0.598325
 0.596867
 0.595116
 0.592998
 0.590392
 0.587108
 0.582832
 0.577041
 0.568816
  0.55641
 0.536079
 0.497426
 0.400108
-0.625391
 0.406644
