  0.341904
  -0.30534
 -0.344237
 -0.357555
 -0.364067
 -0.367382
 -0.368714
 -0.368635
 -0.367484
 -0.365502
 -0.362879
 -0.359779
 -0.356346
 -0.352707
 -0.348981
 -0.345271
 -0.341675
 -0.338278
 -0.335159
 -0.332388
 -0.330027
 -0.328131
 -0.326746
 -0.325913
 -0.325663
 -0.326022
 -0.327005
 -0.328623
 -0.330877
  -0.33376
 -0.337258
 -0.341349
    -0.346
 -0.351174
 -0.356821
 -0.362883
 -0.369289
 -0.375954
 -0.382768
 -0.389589
 -0.396219
  -0.40237
 -0.407591
 -0.411142
 -0.411733
 -0.406994
 -0.392386
 -0.359064
 -0.290915
 -0.167438
0.00943259
  0.192224
  0.330574
  0.417451
  0.470435
  0.504557
  0.528287
  0.546003
  0.559977
   0.57142
  0.580996
  0.589081
  0.595895
  0.601568
  0.606185
  0.609803
  0.612465
  0.614209
  0.615071
  0.615088
  0.614296
  0.612735
  0.610444
  0.607466
   0.60384
  0.599608
  0.594809
  0.589481
   0.58366
   0.57738
  0.570671
  0.563563
  0.556079
  0.548245
  0.540081
  0.531606
  0.522835
   0.51378
  0.504451
  0.494847
  0.484963
  0.474773
   0.46423
  0.453244
  0.441648
  0.429133
  0.415082
   0.39808
   0.37389
   0.32172
  -0.36698
 0.0250752
