  0.274079
 -0.189947
 -0.215211
 -0.232125
 -0.247619
 -0.261602
 -0.274274
 -0.285868
 -0.296604
 -0.306666
   -0.3162
  -0.32532
 -0.334118
 -0.342671
 -0.351045
 -0.359299
 -0.367488
 -0.375663
 -0.383875
  -0.39217
 -0.400593
 -0.409189
 -0.417999
  -0.42706
 -0.436411
 -0.446085
 -0.456114
 -0.466529
 -0.477359
 -0.488634
 -0.500385
 -0.512647
 -0.525459
 -0.538872
  -0.55295
 -0.567775
 -0.583455
 -0.600132
 -0.617992
 -0.637279
 -0.658308
 -0.681483
 -0.707301
 -0.736334
 -0.769115
 -0.805752
 -0.844729
 -0.879509
 -0.890225
 -0.833383
 -0.669218
 -0.433914
 -0.199965
-0.0170952
  0.113494
  0.206531
  0.274706
  0.326413
  0.366909
  0.399505
  0.426335
  0.448812
  0.467901
  0.484282
  0.498448
  0.510768
  0.521528
  0.530952
  0.539227
  0.546508
  0.552928
  0.558601
  0.563631
  0.568108
  0.572111
  0.575711
  0.578972
  0.581945
  0.584678
  0.587209
  0.589567
  0.591775
  0.593848
  0.595792
  0.597604
   0.59927
  0.600766
   0.60205
  0.603057
  0.603695
  0.603825
  0.603242
  0.601635
  0.598525
  0.593152
  0.584249
  0.569541
  0.544395
   0.49654
  0.380042
 -0.734463
  0.460383
