  0.329522
 -0.169872
 -0.206054
 -0.229429
 -0.249503
 -0.267075
 -0.282772
  -0.29706
 -0.310298
 -0.322749
 -0.334606
 -0.346007
 -0.357054
 -0.367827
 -0.378385
 -0.388779
 -0.399053
 -0.409246
 -0.419394
  -0.42953
 -0.439688
 -0.449897
 -0.460188
 -0.470588
 -0.481122
 -0.491817
 -0.502695
 -0.513781
 -0.525097
 -0.536669
 -0.548525
   -0.5607
 -0.573234
 -0.586182
 -0.599611
 -0.613614
  -0.62831
 -0.643855
 -0.660455
 -0.678377
 -0.697966
 -0.719662
  -0.74401
 -0.771643
 -0.803176
 -0.838816
 -0.877172
 -0.911802
 -0.922737
 -0.865811
 -0.700253
 -0.462475
 -0.225795
-0.0410442
 0.0903153
  0.183245
  0.250719
  0.301346
  0.340538
  0.371714
  0.397082
  0.418112
  0.435812
  0.450896
  0.463883
  0.475163
  0.485037
  0.493744
  0.501481
  0.508408
  0.514665
  0.520368
  0.525622
  0.530514
  0.535123
  0.539514
  0.543745
  0.547862
  0.551903
  0.555897
  0.559862
   0.56381
   0.56774
  0.571643
  0.575495
  0.579262
  0.582892
  0.586308
  0.589409
  0.592049
  0.594026
  0.595052
   0.59471
  0.592383
  0.587132
   0.57746
  0.560792
  0.532068
  0.478251
  0.351165
 -0.796136
  0.466614
