  0.364641
 -0.168479
 -0.212497
 -0.239842
 -0.262477
  -0.28202
 -0.299412
 -0.315266
 -0.330007
 -0.343934
 -0.357253
 -0.370109
 -0.382601
 -0.394801
 -0.406761
 -0.418518
 -0.430106
 -0.441548
 -0.452867
 -0.464084
 -0.475216
 -0.486281
 -0.497294
  -0.50827
 -0.519222
 -0.530164
 -0.541108
 -0.552068
 -0.563058
 -0.574095
 -0.585199
   -0.5964
 -0.607733
 -0.619248
 -0.631011
 -0.643111
 -0.655664
 -0.668825
 -0.682794
 -0.697833
 -0.714276
 -0.732545
  -0.75316
 -0.776712
 -0.803757
 -0.834427
 -0.867255
 -0.895823
 -0.900625
 -0.839152
  -0.67332
 -0.440182
 -0.211227
-0.0344886
 0.0897638
  0.176577
   0.23874
  0.284678
   0.31967
  0.347045
  0.368955
  0.386834
  0.401667
  0.414153
  0.424802
  0.433998
   0.44204
  0.449163
  0.455561
  0.461391
  0.466789
  0.471867
  0.476722
  0.481437
  0.486081
  0.490713
   0.49538
  0.500119
  0.504955
  0.509907
   0.51498
   0.52017
  0.525463
  0.530832
  0.536235
  0.541615
  0.546897
  0.551977
  0.556719
   0.56094
  0.564394
  0.566741
  0.567505
  0.566007
  0.561248
  0.551689
  0.534761
  0.505511
  0.451315
  0.325358
 -0.794031
   0.42939
