 0.363336
-0.243068
-0.292413
-0.319133
-0.339819
-0.357511
-0.373419
-0.388157
-0.402084
 -0.41542
  -0.4283
-0.440809
-0.452997
-0.464894
-0.476515
-0.487865
-0.498944
-0.509747
-0.520266
-0.530491
-0.540409
-0.550007
-0.559269
-0.568179
-0.576716
-0.584864
-0.592601
-0.599908
-0.606766
 -0.61316
-0.619075
-0.624504
-0.629445
-0.633904
-0.637897
-0.641455
-0.644622
-0.647459
-0.650047
-0.652482
-0.654879
-0.657354
-0.659998
-0.662804
-0.665488
 -0.66706
-0.664745
-0.651403
-0.610364
-0.512531
-0.342896
-0.144055
0.0263517
  0.14413
 0.219193
 0.266783
 0.297498
 0.317699
  0.33115
 0.340131
 0.346074
 0.349916
 0.352295
  0.35366
 0.354343
 0.354593
 0.354605
 0.354535
  0.35451
 0.354634
 0.354992
 0.355657
 0.356684
 0.358119
 0.359995
 0.362336
 0.365154
 0.368454
 0.372228
 0.376462
  0.38113
 0.386197
  0.39162
 0.397342
 0.403295
 0.409399
 0.415555
 0.421649
 0.427538
 0.433052
 0.437981
 0.442059
 0.444943
 0.446179
  0.44514
   0.4409
  0.43194
 0.415308
 0.383244
 0.304199
-0.549789
 0.186453
