 0.734206
-0.380204
-0.496624
-0.544433
-0.569549
-0.584233
-0.593117
-0.598472
-0.601566
-0.603157
-0.603724
-0.603578
-0.602923
-0.601897
-0.600595
 -0.59908
-0.597392
-0.595559
-0.593592
-0.591495
-0.589261
-0.586875
-0.584316
-0.581553
-0.578547
-0.575252
-0.571614
-0.567571
-0.563051
-0.557974
-0.552249
-0.545774
-0.538432
-0.530089
 -0.52059
-0.509746
-0.497331
-0.483058
-0.466553
-0.447321
-0.424675
-0.397644
-0.364803
-0.324005
-0.271919
-0.203256
-0.109587
0.0218166
 0.205666
 0.440546
 0.676277
 0.840168
 0.896193
 0.884565
 0.849008
  0.80942
 0.772311
 0.739159
 0.709831
 0.683774
 0.660402
 0.639207
  0.61978
   0.6018
 0.585018
 0.569246
  0.55434
  0.54019
 0.526712
  0.51384
 0.501526
 0.489726
 0.478407
 0.467536
 0.457083
 0.447019
 0.437312
 0.427931
 0.418841
 0.410005
 0.401384
 0.392937
 0.384619
 0.376386
 0.368189
 0.359981
 0.351707
 0.343314
 0.334743
 0.325927
 0.316789
 0.307237
 0.297157
 0.286403
 0.274791
 0.262102
   0.2481
 0.232587
 0.215647
 0.190329
-0.274321
-0.459885
