 0.625218
-0.400196
-0.497455
-0.536076
-0.556386
-0.568776
-0.576987
-0.582764
-0.587026
-0.590297
-0.592887
-0.594989
-0.596723
-0.598164
-0.599356
-0.600327
-0.601089
-0.601645
-0.601989
 -0.60211
-0.601987
-0.601595
-0.600904
-0.599876
-0.598467
-0.596627
-0.594299
-0.591419
-0.587917
-0.583715
-0.578727
-0.572857
-0.565999
-0.558033
 -0.54882
-0.538195
-0.525961
-0.511864
-0.495582
-0.476677
-0.454544
-0.428318
-0.396724
-0.357824
-0.308587
-0.244157
-0.156711
-0.034238
 0.137674
 0.359488
 0.586182
 0.748426
 0.809741
 0.805454
 0.776279
 0.741487
 0.707789
 0.677006
 0.649299
 0.624343
 0.601719
 0.581041
 0.561995
 0.544328
 0.527849
 0.512409
 0.497896
 0.484227
 0.471338
 0.459178
 0.447708
 0.436894
 0.426707
 0.417116
 0.408094
 0.399608
 0.391626
  0.38411
 0.377021
 0.370316
 0.363948
 0.357866
 0.352018
 0.346347
 0.340794
   0.3353
 0.329801
 0.324232
 0.318527
 0.312616
 0.306428
 0.299887
 0.292914
 0.285424
 0.277337
 0.268596
 0.259217
 0.249386
 0.239771
 0.224956
-0.219127
-0.406092
