  0.324307
 -0.241579
 -0.273011
 -0.283097
 -0.287936
 -0.290607
 -0.292238
 -0.293384
 -0.294371
  -0.29541
 -0.296653
 -0.298217
 -0.300196
 -0.302674
 -0.305726
 -0.309424
 -0.313836
 -0.319031
 -0.325078
 -0.332047
  -0.34001
  -0.34904
 -0.359214
  -0.37061
 -0.383312
 -0.397406
 -0.412986
  -0.43015
 -0.449009
 -0.469682
 -0.492309
  -0.51705
 -0.544094
 -0.573674
 -0.606076
  -0.64166
 -0.680888
 -0.724359
 -0.772856
 -0.827426
 -0.889469
 -0.960894
  -1.04431
   -1.1433
  -1.26272
  -1.40881
  -1.58815
  -1.80225
  -2.02836
  -2.17854
  -2.11735
  -1.83523
  -1.43517
  -1.06117
 -0.764819
  -0.53913
 -0.366082
 -0.230571
  -0.12193
-0.0329158
 0.0413964
  0.104404
  0.158496
   0.20539
  0.246342
  0.282296
  0.313974
  0.341938
  0.366638
  0.388439
  0.407644
  0.424507
  0.439248
  0.452056
  0.463094
  0.472508
  0.480423
  0.486951
  0.492188
  0.496216
  0.499106
  0.500915
  0.501691
  0.501468
  0.500272
  0.498116
  0.495003
  0.490927
  0.485867
  0.479791
  0.472652
   0.46438
   0.45488
  0.444012
   0.43156
  0.417158
  0.400103
   0.37879
  0.348418
   0.28669
 -0.404366
 0.0800595
