  0.563484
 -0.402692
 -0.489146
 -0.523135
 -0.541339
 -0.552944
 -0.561163
  -0.56745
 -0.572545
 -0.576859
  -0.58063
 -0.583997
 -0.587045
 -0.589823
 -0.592357
  -0.59466
 -0.596733
 -0.598572
 -0.600162
 -0.601488
 -0.602525
 -0.603244
 -0.603613
 -0.603592
 -0.603136
 -0.602195
 -0.600712
 -0.598625
 -0.595865
 -0.592359
 -0.588024
 -0.582771
 -0.576501
 -0.569105
 -0.560455
 -0.550405
 -0.538773
 -0.525335
 -0.509799
 -0.491771
 -0.470704
  -0.44581
 -0.415923
 -0.379256
 -0.332998
 -0.272612
  -0.19071
-0.0757749
 0.0864867
  0.298182
   0.51843
    0.6804
  0.746944
  0.749417
  0.726176
  0.696028
  0.665856
   0.63775
  0.612102
  0.588758
  0.567427
  0.547818
  0.529681
  0.512818
  0.497074
  0.482332
  0.468504
  0.455523
  0.443339
  0.431914
  0.421217
   0.41122
  0.401898
  0.393227
  0.385179
  0.377725
  0.370832
  0.364463
  0.358577
  0.353131
  0.348075
  0.343356
  0.338918
  0.334701
  0.330643
  0.326678
  0.322739
  0.318755
  0.314658
  0.310376
  0.305838
  0.300975
  0.295721
   0.29002
  0.283834
  0.277167
   0.27012
  0.262974
  0.256395
  0.244823
 -0.202019
 -0.361465
