 0.504189
-0.398529
-0.474689
-0.504672
-0.521321
-0.532575
-0.541129
-0.548164
-0.554267
-0.559752
-0.564793
-0.569491
-0.573902
-0.578054
 -0.58196
-0.585623
-0.589035
-0.592185
-0.595057
-0.597627
-0.599871
-0.601758
-0.603254
-0.604318
-0.604906
-0.604968
 -0.60445
-0.603292
-0.601428
 -0.59879
  -0.5953
-0.590879
-0.585436
-0.578873
-0.571078
-0.561922
-0.551249
-0.538863
-0.524511
-0.507851
-0.488402
-0.465471
-0.438018
-0.404441
 -0.36219
-0.307103
-0.232304
-0.126841
0.0235236
 0.223044
 0.435994
  0.59847
 0.672248
 0.683695
 0.668304
 0.644351
 0.618955
 0.594548
 0.571812
 0.550808
   0.5314
 0.513411
 0.496674
 0.481053
  0.46644
 0.452753
 0.439932
 0.427933
 0.416722
 0.406274
 0.396569
 0.387588
 0.379314
 0.371725
 0.364799
 0.358509
 0.352825
 0.347712
 0.343129
 0.339031
  0.33537
 0.332091
 0.329136
 0.326442
 0.323945
 0.321574
 0.319259
 0.316925
 0.314498
 0.311904
  0.30907
 0.305929
 0.302423
 0.298509
 0.294174
 0.289453
 0.284472
 0.279484
 0.274867
 0.264058
-0.197929
 -0.30626
