   0.683811
  -0.392168
  -0.499732
  -0.543132
  -0.565849
  -0.579327
  -0.587795
  -0.593282
  -0.596886
  -0.599251
  -0.600773
    -0.6017
  -0.602194
  -0.602361
  -0.602268
  -0.601959
  -0.601461
  -0.600787
   -0.59994
  -0.598914
  -0.597695
  -0.596265
  -0.594594
  -0.592649
  -0.590387
  -0.587761
  -0.584714
  -0.581182
  -0.577094
   -0.57237
   -0.56692
  -0.560646
  -0.553434
  -0.545157
  -0.535665
  -0.524782
  -0.512293
  -0.497924
  -0.481326
  -0.462027
  -0.439375
  -0.412445
  -0.379875
  -0.339605
  -0.288431
  -0.221246
  -0.129878
-0.00190519
   0.177231
   0.406832
   0.638779
   0.801763
   0.859653
    0.85072
   0.817476
   0.779562
    0.74357
    0.71112
     0.6822
    0.65635
   0.633054
   0.611856
   0.592386
   0.574353
   0.557532
   0.541752
   0.526882
   0.512825
   0.499505
   0.486863
   0.474853
   0.463436
   0.452579
   0.442252
   0.432423
   0.423062
   0.414135
   0.405609
   0.397445
   0.389602
   0.382037
   0.374703
   0.367552
   0.360533
   0.353591
   0.346672
   0.339718
   0.332669
   0.325461
   0.318028
   0.310294
   0.302177
   0.293577
   0.284382
   0.274459
   0.263669
   0.251911
   0.239198
   0.225978
   0.206297
   -0.24478
   -0.43903
