   0.440615
  -0.326549
  -0.396778
  -0.430411
  -0.452959
  -0.470168
  -0.484078
  -0.495668
    -0.5055
  -0.513936
  -0.521222
  -0.527532
  -0.532985
  -0.537664
  -0.541622
  -0.544889
  -0.547476
  -0.549382
  -0.550591
  -0.551076
  -0.550801
   -0.54972
  -0.547777
  -0.544907
  -0.541033
  -0.536071
  -0.529923
   -0.52248
  -0.513622
  -0.503212
  -0.491095
  -0.477096
  -0.461013
   -0.44261
  -0.421605
  -0.397653
  -0.370328
  -0.339085
   -0.30321
  -0.261753
  -0.213409
  -0.156357
 -0.0879834
-0.00446403
  0.0998994
   0.233654
   0.409281
   0.642729
   0.944028
    1.28122
    1.54679
    1.64911
    1.57969
    1.43686
    1.29154
    1.16554
    1.06065
   0.973489
   0.900268
   0.837845
   0.783832
    0.73646
   0.694423
   0.656755
   0.622734
   0.591817
   0.563589
   0.537734
   0.514002
   0.492198
   0.472163
   0.453766
   0.436896
   0.421455
   0.407357
   0.394522
   0.382876
   0.372349
   0.362874
   0.354386
   0.346825
   0.340132
   0.334254
   0.329141
   0.324749
   0.321038
   0.317977
   0.315538
   0.313697
    0.31243
   0.311705
   0.311468
   0.311626
   0.312022
   0.312392
   0.312312
    0.31108
   0.307391
   0.298015
   0.266279
  -0.328441
  -0.112175
