   0.729533
  -0.309461
  -0.422806
  -0.471388
  -0.497543
  -0.512471
  -0.520558
  -0.524095
  -0.524476
  -0.522628
  -0.519198
  -0.514652
  -0.509336
  -0.503507
  -0.497361
   -0.49105
  -0.484693
  -0.478383
  -0.472192
  -0.466175
  -0.460374
  -0.454818
  -0.449524
  -0.444499
  -0.439738
  -0.435228
  -0.430944
   -0.42685
    -0.4229
  -0.419036
  -0.415187
  -0.411267
  -0.407173
  -0.402784
  -0.397954
  -0.392505
  -0.386219
  -0.378822
  -0.369958
   -0.35916
  -0.345786
  -0.328935
  -0.307294
  -0.278889
  -0.240657
  -0.187707
  -0.112152
-0.00179825
    0.15838
   0.370649
   0.593248
   0.758759
   0.829016
   0.836101
   0.818838
   0.795814
   0.773518
   0.753688
   0.736439
   0.721406
   0.708132
   0.696196
   0.685244
   0.674989
   0.665207
   0.655721
   0.646398
   0.637136
   0.627859
   0.618512
   0.609057
   0.599467
   0.589725
   0.579819
   0.569745
   0.559499
    0.54908
   0.538488
   0.527722
   0.516781
   0.505664
   0.494369
   0.482892
   0.471228
    0.45937
   0.447309
   0.435034
   0.422525
   0.409758
   0.396693
   0.383274
   0.369415
   0.354988
   0.339801
   0.323567
   0.305858
   0.286015
   0.262926
   0.234336
   0.186298
   -0.37522
  -0.354313
