  0.678132
 -0.305544
 -0.409062
 -0.452967
 -0.476427
 -0.489636
 -0.496565
 -0.499285
 -0.499061
 -0.496741
 -0.492924
 -0.488049
 -0.482443
 -0.476355
 -0.469981
 -0.463471
 -0.456947
 -0.450506
 -0.444225
 -0.438165
 -0.432373
 -0.426884
 -0.421721
 -0.416897
 -0.412416
 -0.408269
 -0.404438
 -0.400896
 -0.397602
 -0.394506
 -0.391545
  -0.38864
 -0.385698
 -0.382607
 -0.379232
  -0.37541
 -0.370937
  -0.36556
 -0.358952
  -0.35068
 -0.340154
 -0.326543
 -0.308635
 -0.284603
 -0.251596
 -0.205034
 -0.137452
-0.0371138
  0.111022
  0.311245
  0.526617
  0.692601
  0.769988
   0.78621
   0.77735
  0.761396
  0.744967
  0.730057
  0.717004
  0.705609
  0.695537
  0.686451
  0.678058
  0.670117
  0.662433
  0.654857
  0.647273
  0.639593
  0.631754
  0.623711
  0.615433
  0.606902
  0.598108
  0.589047
   0.57972
   0.57013
  0.560283
  0.550186
  0.539844
  0.529263
  0.518449
  0.507404
  0.496133
  0.484635
  0.472911
  0.460958
  0.448769
  0.436333
  0.423632
  0.410634
  0.397291
  0.383529
  0.369232
  0.354224
  0.338238
  0.320861
   0.30144
   0.27882
  0.250479
   0.20161
   -0.3733
 -0.304832
