   0.54968
 -0.304294
 -0.383293
 -0.415321
 -0.431923
 -0.440854
 -0.445068
 -0.446083
 -0.444823
 -0.441917
 -0.437817
 -0.432867
 -0.427331
  -0.42142
 -0.415305
 -0.409127
 -0.403001
 -0.397025
 -0.391279
 -0.385832
 -0.380739
 -0.376044
 -0.371782
 -0.367979
 -0.364648
 -0.361796
 -0.359419
 -0.357505
 -0.356029
 -0.354957
 -0.354244
 -0.353832
  -0.35365
 -0.353611
 -0.353609
 -0.353518
 -0.353178
 -0.352393
 -0.350909
 -0.348394
 -0.344391
 -0.338256
 -0.329043
 -0.315305
 -0.294743
 -0.263566
 -0.215376
 -0.139543
-0.0208427
  0.150427
  0.349641
   0.51898
  0.616006
  0.656156
  0.668747
  0.670473
  0.668445
  0.665403
  0.662313
  0.659438
  0.656773
  0.654217
  0.651646
  0.648941
  0.646002
  0.642745
  0.639107
  0.635042
   0.63052
  0.625521
  0.620038
  0.614074
  0.607635
  0.600734
  0.593388
  0.585615
  0.577433
  0.568863
  0.559923
  0.550632
  0.541006
  0.531061
   0.52081
  0.510266
  0.499439
  0.488336
  0.476963
  0.465319
    0.4534
  0.441189
  0.428659
  0.415757
    0.4024
  0.388452
  0.373694
  0.357766
  0.340054
  0.319349
   0.29261
  0.243239
 -0.363382
 -0.186298
