  0.617191
 -0.304029
 -0.395926
  -0.43421
 -0.454412
 -0.465566
 -0.471162
 -0.473008
 -0.472211
 -0.469519
 -0.465463
  -0.46044
 -0.454749
 -0.448626
 -0.442254
 -0.435782
 -0.429329
 -0.422995
 -0.416858
 -0.410984
 -0.405424
  -0.40022
 -0.395399
 -0.390982
 -0.386976
 -0.383382
 -0.380188
 -0.377373
 -0.374906
 -0.372745
 -0.370833
 -0.369102
 -0.367471
 -0.365837
  -0.36408
 -0.362053
 -0.359573
 -0.356413
  -0.35228
 -0.346786
 -0.339403
 -0.329387
 -0.315648
 -0.296537
 -0.269459
 -0.230203
 -0.171808
-0.0830636
 0.0511285
  0.237542
  0.444984
  0.612158
  0.698451
  0.725717
  0.726843
  0.719173
  0.709533
  0.700248
   0.69194
  0.684622
  0.678108
  0.672168
  0.666586
  0.661178
  0.655791
  0.650306
  0.644631
  0.638696
  0.632454
  0.625871
  0.618928
  0.611616
  0.603932
  0.595881
  0.587471
  0.578713
  0.569619
  0.560202
  0.550475
   0.54045
  0.530138
  0.519548
   0.50869
   0.49757
  0.486194
  0.474564
   0.46268
  0.450536
  0.438121
  0.425411
  0.412368
   0.39893
  0.384995
  0.370407
  0.354923
  0.338154
  0.319464
   0.29767
  0.269997
  0.220777
  -0.36869
 -0.248501
