  0.793809
 -0.325575
 -0.451459
 -0.505603
 -0.534813
 -0.551708
 -0.561238
 -0.565972
 -0.567447
 -0.566662
 -0.564294
  -0.56082
 -0.556579
 -0.551817
 -0.546716
 -0.541414
 -0.536011
 -0.530586
 -0.525194
 -0.519877
 -0.514661
 -0.509561
 -0.504581
 -0.499715
 -0.494945
 -0.490244
 -0.485575
 -0.480892
 -0.476135
 -0.471234
 -0.466106
 -0.460655
 -0.454765
 -0.448302
 -0.441105
 -0.432982
 -0.423693
  -0.41294
 -0.400334
 -0.385361
 -0.367318
 -0.345212
 -0.317599
 -0.282314
 -0.236007
  -0.17337
-0.0859421
 0.0391016
  0.216791
  0.446645
  0.680192
   0.84575
  0.906422
  0.900727
  0.871401
  0.837978
  0.806846
   0.77944
    0.7556
  0.734752
   0.71629
  0.699686
   0.68451
  0.670423
   0.65716
  0.644517
  0.632337
  0.620503
  0.608924
  0.597533
   0.58628
  0.575127
  0.564046
  0.553015
  0.542018
  0.531038
  0.520064
  0.509081
  0.498076
  0.487036
  0.475945
  0.464788
  0.453547
  0.442205
   0.43074
  0.419131
  0.407352
  0.395372
  0.383151
  0.370639
  0.357763
  0.344423
  0.330475
  0.315714
  0.299841
   0.28243
  0.262868
  0.240215
  0.212852
  0.168805
 -0.364711
 -0.429098
