  0.28445
 -0.30153
-0.329212
-0.337873
-0.342322
-0.344857
-0.346166
 -0.34654
-0.346153
 -0.34514
-0.343624
-0.341719
-0.339536
-0.337181
-0.334754
-0.332351
 -0.33006
-0.327965
-0.326142
 -0.32466
-0.323582
-0.322967
-0.322863
-0.323314
-0.324357
-0.326023
-0.328333
-0.331304
-0.334946
 -0.33926
-0.344242
-0.349882
-0.356161
-0.363058
-0.370543
-0.378583
-0.387139
-0.396163
-0.405598
 -0.41537
-0.425371
-0.435438
-0.445292
-0.454435
-0.461919
 -0.46585
-0.462296
-0.442943
-0.391195
-0.282579
-0.111203
0.0784285
 0.232619
 0.336478
 0.403753
 0.449111
 0.481618
 0.506291
 0.525896
 0.541993
 0.555496
 0.566956
 0.576717
 0.585003
 0.591967
 0.597715
 0.602334
  0.60589
 0.608445
 0.610054
 0.610771
 0.610649
  0.60974
 0.608093
 0.605757
 0.602782
 0.599212
 0.595091
  0.59046
 0.585355
 0.579811
  0.57386
 0.567531
 0.560848
 0.553834
 0.546511
 0.538894
 0.530998
 0.522833
 0.514402
 0.505699
 0.496702
 0.487364
 0.477597
 0.467228
 0.455931
 0.443028
 0.426921
  0.40272
 0.347397
-0.383712
0.0992617
