  0.244718
  -0.20611
 -0.225762
 -0.238966
 -0.251665
 -0.263409
 -0.274184
 -0.284093
 -0.293273
 -0.301857
 -0.309959
 -0.317676
 -0.325093
 -0.332284
 -0.339315
 -0.346251
 -0.353152
 -0.360074
 -0.367073
 -0.374203
 -0.381514
 -0.389056
 -0.396874
 -0.405012
  -0.41351
 -0.422406
 -0.431735
 -0.441529
 -0.451818
 -0.462634
 -0.474006
 -0.485968
 -0.498556
 -0.511817
 -0.525808
 -0.540603
 -0.556299
 -0.573024
 -0.590948
 -0.610291
 -0.631338
 -0.654455
 -0.680088
 -0.708741
 -0.740854
 -0.776415
 -0.813772
 -0.846304
 -0.854391
 -0.795725
 -0.632439
  -0.40082
 -0.172013
0.00626537
  0.133519
  0.224326
  0.291077
  0.341912
  0.381911
  0.414262
  0.441011
  0.463511
   0.48268
  0.499167
  0.513437
  0.525841
  0.536647
   0.54607
  0.554285
   0.56144
  0.567663
  0.573064
  0.577744
  0.581792
  0.585285
  0.588297
   0.59089
   0.59312
  0.595035
  0.596677
  0.598081
  0.599273
  0.600275
  0.601099
   0.60175
  0.602226
  0.602514
  0.602586
    0.6024
  0.601886
   0.60094
    0.5994
  0.597016
  0.593394
  0.587888
    0.5794
  0.565901
  0.543158
  0.499725
  0.392108
 -0.684007
  0.439289
