  0.303651
   -0.1779
  -0.20889
 -0.229292
 -0.247298
  -0.26326
 -0.277597
  -0.29067
 -0.302774
 -0.314138
 -0.324934
 -0.335292
  -0.34531
 -0.355065
 -0.364623
 -0.374039
  -0.38336
 -0.392635
 -0.401904
 -0.411209
  -0.42059
 -0.430083
 -0.439724
 -0.449547
 -0.459583
 -0.469863
 -0.480415
 -0.491267
 -0.502445
 -0.513977
 -0.525894
 -0.538231
  -0.55103
 -0.564343
 -0.578238
 -0.592803
 -0.608154
 -0.624442
 -0.641867
 -0.660688
 -0.681241
 -0.703955
 -0.729361
 -0.758075
 -0.790692
 -0.827392
  -0.86675
 -0.902285
 -0.914002
 -0.857745
 -0.692734
 -0.455206
 -0.218437
-0.0332461
 0.0988308
  0.192658
  0.261134
  0.312812
  0.353069
  0.385295
  0.411681
  0.433679
  0.452287
  0.468207
   0.48195
    0.4939
  0.504351
   0.51354
  0.521658
  0.528865
  0.535297
  0.541074
  0.546297
  0.551058
  0.555436
    0.5595
  0.563309
  0.566916
  0.570361
   0.57368
  0.576897
  0.580028
  0.583082
  0.586057
   0.58894
  0.591708
  0.594321
  0.596721
  0.598824
  0.600511
   0.60161
  0.601873
  0.600931
  0.598231
  0.592909
  0.583564
  0.567735
   0.54051
  0.489087
  0.365958
 -0.772663
  0.469012
