  0.239275
 -0.293396
 -0.312253
 -0.317763
 -0.321225
 -0.323783
 -0.325675
 -0.326973
 -0.327726
 -0.327995
  -0.32785
 -0.327374
 -0.326653
 -0.325775
 -0.324828
   -0.3239
 -0.323073
 -0.322426
 -0.322034
 -0.321965
 -0.322284
 -0.323048
 -0.324311
 -0.326118
  -0.32851
 -0.331521
  -0.33518
 -0.339509
 -0.344524
 -0.350234
 -0.356645
 -0.363757
 -0.371565
 -0.380062
 -0.389239
 -0.399085
 -0.409591
 -0.420748
 -0.432548
 -0.444979
 -0.458024
 -0.471634
 -0.485695
 -0.499937
 -0.513733
 -0.525631
 -0.532253
  -0.52575
 -0.488995
 -0.393655
 -0.226462
-0.0293924
  0.140442
  0.260695
  0.341598
  0.397569
  0.438295
  0.469429
  0.494218
   0.51457
  0.531637
   0.54614
  0.558547
   0.56917
  0.578228
   0.58588
  0.592248
  0.597431
  0.601514
  0.604572
  0.606674
  0.607887
  0.608271
  0.607887
  0.606792
   0.60504
  0.602682
  0.599766
  0.596336
  0.592433
  0.588095
  0.583354
  0.578242
  0.572784
  0.567005
  0.560925
  0.554561
  0.547927
  0.541033
  0.533879
  0.526458
  0.518745
  0.510685
  0.502177
  0.493026
  0.482856
  0.470878
  0.455226
  0.430167
  0.369885
 -0.411925
   0.17265
