  0.197786
 -0.263935
   -0.2747
 -0.279292
 -0.284261
 -0.289225
  -0.29393
 -0.298249
 -0.302146
 -0.305636
  -0.30876
 -0.311577
 -0.314154
 -0.316563
 -0.318879
 -0.321175
 -0.323526
 -0.326004
 -0.328676
 -0.331609
 -0.334864
 -0.338501
 -0.342573
 -0.347129
 -0.352213
 -0.357866
 -0.364122
 -0.371012
 -0.378562
 -0.386795
  -0.39573
 -0.405385
 -0.415777
 -0.426927
 -0.438859
 -0.451604
 -0.465205
  -0.47972
 -0.495229
 -0.511835
 -0.529671
 -0.548896
 -0.569678
 -0.592139
 -0.616201
 -0.641157
  -0.66454
 -0.679201
 -0.666886
 -0.592309
 -0.429515
 -0.216892
-0.0181771
  0.131316
  0.236046
  0.310273
  0.364917
  0.406822
  0.440124
  0.467353
    0.4901
  0.509393
  0.525921
  0.540159
  0.552445
   0.56303
  0.572108
  0.579833
  0.586332
  0.591718
  0.596087
  0.599527
  0.602121
  0.603943
  0.605062
  0.605544
  0.605447
  0.604827
  0.603732
  0.602208
  0.600293
  0.598022
  0.595426
  0.592531
  0.589357
  0.585922
  0.582238
   0.57831
  0.574138
  0.569707
   0.56499
   0.55993
  0.554428
  0.548308
  0.541255
  0.532685
  0.521413
  0.504746
  0.474739
  0.398543
 -0.504307
   0.30652
