 0.219031
-0.224785
-0.239565
 -0.24916
-0.258976
-0.268341
-0.277067
-0.285139
-0.292613
-0.299572
-0.306097
-0.312268
-0.318163
-0.323851
-0.329402
-0.334883
-0.340358
-0.345891
-0.351541
-0.357368
-0.363428
-0.369772
-0.376452
-0.383514
-0.391002
-0.398954
-0.407407
-0.416394
-0.425946
-0.436093
-0.446862
-0.458282
-0.470388
-0.483217
-0.496819
-0.511257
-0.526613
-0.542996
-0.560552
 -0.57947
-0.599996
-0.622441
-0.647178
-0.674614
-0.705058
-0.738322
-0.772553
 -0.80101
-0.804445
-0.742347
-0.579797
-0.353432
-0.132416
0.0386335
 0.160383
 0.247264
 0.311257
 0.360153
 0.398781
 0.430153
 0.456197
 0.478177
 0.496951
 0.513121
 0.527119
 0.539267
 0.549814
 0.558958
 0.566862
 0.573662
  0.57948
  0.58442
 0.588578
 0.592039
  0.59488
 0.597173
 0.598979
 0.600356
 0.601354
 0.602016
 0.602381
 0.602478
 0.602333
 0.601964
 0.601386
 0.600601
 0.599609
 0.598396
 0.596936
 0.595183
 0.593062
 0.590453
 0.587165
 0.582885
  0.57709
 0.568861
 0.556452
 0.536118
 0.497468
 0.400161
-0.625392
 0.406361
