 0.363433
-0.243175
-0.292534
-0.319261
-0.339953
-0.357652
-0.373565
-0.388308
-0.402241
-0.415582
-0.428467
-0.440981
-0.453174
-0.465075
-0.476701
-0.488055
-0.499139
-0.509946
-0.520469
-0.530698
-0.540621
-0.550224
 -0.55949
-0.568404
-0.576947
-0.585099
-0.592841
-0.600153
-0.607017
-0.613417
-0.619339
-0.624775
-0.629723
-0.634189
-0.638192
-0.641759
-0.644937
-0.647787
-0.650388
 -0.65284
-0.655255
-0.657753
-0.660424
-0.663263
-0.665989
-0.667613
-0.665364
-0.652102
-0.611152
-0.513382
-0.343734
-0.144796
0.0257535
 0.143668
 0.218838
 0.266509
 0.297285
 0.317533
 0.331021
 0.340031
 0.345999
 0.349861
 0.352257
 0.353637
 0.354332
 0.354592
 0.354614
 0.354552
 0.354534
 0.354664
 0.355029
 0.355699
 0.356731
  0.35817
  0.36005
 0.362394
 0.365215
 0.368518
 0.372294
  0.37653
 0.381201
  0.38627
 0.391695
 0.397418
 0.403373
 0.409478
 0.415636
  0.42173
  0.42762
 0.433136
 0.438066
 0.442145
  0.44503
 0.446268
 0.445231
 0.440993
 0.432036
 0.415407
 0.383345
 0.304299
-0.549864
 0.186431
