  0.364757
 -0.168646
 -0.212679
 -0.240031
  -0.26267
 -0.282217
 -0.299613
  -0.31547
 -0.330216
 -0.344146
 -0.357469
 -0.370329
 -0.382824
 -0.395027
 -0.406989
  -0.41875
  -0.43034
 -0.441785
 -0.453107
 -0.464326
 -0.475461
 -0.486528
 -0.497544
 -0.508522
 -0.519478
 -0.530423
  -0.54137
 -0.552334
 -0.563328
 -0.574369
 -0.585478
 -0.596684
 -0.608022
 -0.619543
 -0.631313
 -0.643421
 -0.655982
 -0.669153
 -0.683134
 -0.698186
 -0.714645
 -0.732933
 -0.753571
 -0.777151
 -0.804231
 -0.834946
 -0.867829
 -0.896465
 -0.901339
 -0.839913
 -0.674057
 -0.440822
 -0.211733
-0.0348711
  0.089478
  0.176364
  0.238581
   0.28456
  0.319584
  0.346985
  0.368916
  0.386813
   0.40166
  0.414158
  0.424817
  0.434022
  0.442072
  0.449202
  0.455605
  0.461441
  0.466842
  0.471924
  0.476783
    0.4815
  0.486147
  0.490781
   0.49545
   0.50019
  0.505028
   0.50998
  0.515053
  0.520244
  0.525537
  0.530906
  0.536309
  0.541689
   0.54697
  0.552049
   0.55679
   0.56101
  0.564464
  0.566809
  0.567573
  0.566075
  0.561316
   0.55176
  0.534836
  0.505594
  0.451411
  0.325474
 -0.793997
   0.42924
