  0.372827
 -0.175123
 -0.221599
 -0.249883
  -0.27299
 -0.292879
 -0.310593
 -0.326778
 -0.341871
 -0.356167
 -0.369869
 -0.383116
 -0.396002
 -0.408592
  -0.42093
 -0.433051
 -0.444977
 -0.456729
 -0.468321
 -0.479767
 -0.491078
 -0.502264
 -0.513334
 -0.524297
 -0.535158
 -0.545926
 -0.556606
 -0.567206
 -0.577735
 -0.588203
 -0.598629
 -0.609033
  -0.61945
 -0.629922
 -0.640512
 -0.651302
 -0.662404
 -0.673962
 -0.686168
 -0.699267
 -0.713572
 -0.729478
 -0.747462
 -0.768055
 -0.791732
 -0.818516
 -0.846822
 -0.870206
 -0.869576
 -0.804073
 -0.638308
 -0.409858
 -0.188393
-0.0191327
 0.0987996
  0.180455
  0.238364
  0.280718
  0.312626
  0.337302
  0.356821
  0.372564
  0.385479
  0.396241
  0.405343
  0.413156
   0.41997
  0.426011
  0.431467
  0.436491
  0.441211
  0.445737
   0.45016
  0.454556
  0.458992
  0.463518
  0.468177
  0.472999
  0.478004
  0.483204
  0.488598
  0.494175
  0.499912
  0.505776
  0.511717
  0.517669
  0.523547
  0.529238
  0.534595
  0.539426
  0.543474
  0.546389
  0.547693
   0.54671
  0.542462
  0.533463
   0.51725
  0.489106
  0.437009
  0.316035
 -0.768973
  0.396145
