  0.772481
 -0.366098
  -0.48917
 -0.540558
 -0.567758
 -0.583567
 -0.592896
 -0.598203
 -0.600891
  -0.60182
 -0.601545
 -0.600433
 -0.598732
 -0.596615
 -0.594201
 -0.591574
 -0.588791
 -0.585892
   -0.5829
 -0.579828
 -0.576678
 -0.573441
 -0.570102
 -0.566634
 -0.563003
 -0.559168
 -0.555077
  -0.55067
 -0.545877
 -0.540619
 -0.534805
 -0.528331
 -0.521079
 -0.512911
 -0.503667
 -0.493154
 -0.481135
 -0.467312
 -0.451301
 -0.432587
 -0.410464
 -0.383931
 -0.351524
 -0.311045
 -0.259087
 -0.190253
-0.0959599
 0.0367165
  0.222629
  0.460082
  0.697924
  0.862734
  0.918389
  0.906001
  0.869894
  0.830086
  0.793038
  0.760148
  0.731216
  0.705634
  0.682775
    0.6621
  0.643175
   0.62566
  0.609294
  0.593875
   0.57925
  0.565301
  0.551939
  0.539097
   0.52672
  0.514766
  0.503201
  0.491992
  0.481112
  0.470534
  0.460229
   0.45017
  0.440325
  0.430664
  0.421152
  0.411753
  0.402431
  0.393145
  0.383855
  0.374518
  0.365088
  0.355515
  0.345745
  0.335713
  0.325342
  0.314532
  0.303154
  0.291037
  0.277951
  0.263601
  0.247627
  0.229607
   0.20919
  0.178169
 -0.303775
 -0.468706
