   0.41712
 -0.368882
 -0.417511
 -0.429582
 -0.431943
  -0.43075
 -0.428043
 -0.424714
 -0.421222
 -0.417831
  -0.41471
 -0.411976
 -0.409719
  -0.40801
 -0.406912
 -0.406481
 -0.406771
 -0.407832
 -0.409717
 -0.412475
 -0.416158
 -0.420816
 -0.426503
 -0.433272
 -0.441176
 -0.450272
 -0.460618
 -0.472278
 -0.485318
 -0.499814
  -0.51585
 -0.533526
 -0.552962
 -0.574304
 -0.597738
 -0.623499
 -0.651892
 -0.683315
 -0.718293
 -0.757523
 -0.801944
 -0.852819
 -0.911858
 -0.981365
  -1.06436
  -1.16446
   -1.2848
  -1.42334
  -1.55826
  -1.61983
  -1.51267
  -1.24717
 -0.914351
 -0.618912
 -0.391122
 -0.220528
-0.0912125
0.00918374
 0.0890925
  0.154123
  0.208035
  0.253391
  0.291981
  0.325079
  0.353616
  0.378288
  0.399625
  0.418041
  0.433866
  0.447371
  0.458778
  0.468277
  0.476029
  0.482173
   0.48683
  0.490106
  0.492092
  0.492868
  0.492501
  0.491049
   0.48856
  0.485075
  0.480626
  0.475241
  0.468942
  0.461749
   0.45368
  0.444754
  0.434995
  0.424431
  0.413104
  0.401069
  0.388405
  0.375223
  0.361682
  0.348012
  0.334534
   0.32165
  0.309585
  0.290944
 -0.190812
 -0.226308
