  0.383757
 -0.347379
 -0.402692
 -0.426884
 -0.442981
 -0.455875
 -0.467161
 -0.477518
 -0.487273
 -0.496597
  -0.50558
 -0.514268
 -0.522684
 -0.530833
 -0.538712
 -0.546312
 -0.553617
 -0.560612
 -0.567275
 -0.573584
 -0.579514
 -0.585035
 -0.590116
 -0.594722
 -0.598816
 -0.602358
 -0.605303
 -0.607605
 -0.609217
 -0.610089
  -0.61017
 -0.609407
 -0.607749
  -0.60514
 -0.601523
 -0.596837
 -0.591013
 -0.583963
 -0.575578
 -0.565701
 -0.554106
 -0.540442
 -0.524149
 -0.504304
 -0.479327
 -0.446431
 -0.400569
 -0.332646
 -0.228011
-0.0730925
  0.116859
  0.287992
  0.395936
  0.446941
  0.465666
  0.468727
  0.464413
   0.45663
  0.447249
  0.437201
  0.426976
   0.41684
  0.406955
  0.397421
  0.388312
  0.379681
  0.371574
  0.364029
  0.357079
  0.350751
  0.345067
  0.340044
  0.335693
  0.332017
  0.329013
  0.326673
   0.32498
  0.323911
  0.323435
  0.323515
  0.324109
  0.325165
  0.326626
   0.32843
  0.330507
  0.332779
  0.335164
  0.337574
  0.339912
  0.342078
  0.343966
  0.345465
  0.346461
  0.346831
  0.346439
  0.345111
  0.342553
  0.338078
  0.329381
  0.301633
 -0.284745
-0.0990122
