   0.683859
  -0.392202
   -0.49977
  -0.543176
    -0.5659
  -0.579385
  -0.587861
  -0.593355
  -0.596967
  -0.599339
  -0.600868
  -0.601802
  -0.602303
  -0.602477
   -0.60239
  -0.602088
  -0.601597
  -0.600929
  -0.600088
  -0.599069
  -0.597857
  -0.596433
  -0.594769
  -0.592831
  -0.590577
  -0.587958
  -0.584919
  -0.581395
  -0.577315
    -0.5726
   -0.56716
  -0.560895
  -0.553694
  -0.545429
   -0.53595
   -0.52508
  -0.512606
  -0.498255
  -0.481676
  -0.462398
  -0.439772
  -0.412872
  -0.380338
  -0.340113
  -0.288994
  -0.221878
  -0.130598
-0.00273507
   0.176276
   0.405778
   0.637716
   0.800797
    0.85885
    0.85008
   0.816966
   0.779152
   0.743237
   0.710846
   0.681973
    0.65616
   0.632895
   0.611723
   0.592275
   0.574261
   0.557456
   0.541691
   0.526835
   0.512789
   0.499479
   0.486846
   0.474844
   0.463435
   0.452585
   0.442264
   0.432441
   0.423086
   0.414165
   0.405644
   0.397484
   0.389646
   0.382085
   0.374756
   0.367609
   0.360593
   0.353655
    0.34674
   0.339789
   0.332743
   0.325538
   0.318108
   0.310377
   0.302262
   0.293665
   0.284472
   0.274551
   0.263762
   0.252005
   0.239291
   0.226066
   0.206368
  -0.244929
   -0.43893
