 0.504277
-0.398563
-0.474735
-0.504729
-0.521386
-0.532649
 -0.54121
-0.548253
-0.554363
-0.559854
-0.564903
-0.569607
-0.574024
-0.578183
-0.582095
-0.585764
-0.589183
-0.592339
-0.595216
-0.597793
-0.600043
-0.601937
-0.603439
 -0.60451
-0.605104
-0.605174
-0.604663
-0.603512
-0.601656
-0.599026
-0.595546
-0.591134
-0.585701
-0.579149
-0.571366
-0.562223
-0.551564
-0.539195
-0.524862
-0.508222
-0.488799
-0.465896
-0.438478
-0.404943
-0.362745
-0.307724
 -0.23301
-0.127652
0.0225944
 0.222021
 0.434966
  0.59754
 0.671479
 0.683084
 0.667821
 0.643965
 0.618642
 0.594293
 0.571602
 0.550635
 0.531257
 0.513293
 0.496577
 0.480974
 0.466377
 0.452704
 0.439896
 0.427907
 0.416706
 0.406267
  0.39657
 0.387597
 0.379329
 0.371746
 0.364826
 0.358542
 0.352863
 0.347754
 0.343175
 0.339082
 0.335425
  0.33215
 0.329199
 0.326509
 0.324015
 0.321648
 0.319336
 0.317005
 0.314581
  0.31199
 0.309159
 0.306021
 0.302517
 0.298606
 0.294272
 0.289552
  0.28457
  0.27958
 0.274955
 0.264123
-0.198109
-0.306168
