 0.734245
 -0.38024
-0.496664
-0.544478
-0.569599
-0.584291
-0.593181
-0.598544
-0.601645
-0.603243
-0.603818
-0.603678
 -0.60303
-0.602011
-0.600716
-0.599207
-0.597526
-0.595699
-0.593739
-0.591648
-0.589421
-0.587043
 -0.58449
-0.581734
-0.578735
-0.575448
-0.571817
-0.567782
-0.563271
-0.558203
-0.552488
-0.546022
-0.538691
 -0.53036
-0.520873
-0.510043
-0.497644
-0.483387
-0.466902
-0.447691
-0.425071
-0.398071
-0.365266
-0.324513
-0.272482
-0.203888
-0.110308
0.0209858
 0.204711
 0.439489
 0.675211
 0.839198
 0.895387
 0.883921
 0.848495
 0.809008
 0.771975
 0.738882
 0.709601
 0.683582
 0.660242
 0.639073
 0.619668
 0.601706
 0.584941
 0.569184
 0.554291
 0.540152
 0.526683
 0.513822
 0.501515
 0.489724
 0.478411
 0.467547
   0.4571
 0.447041
  0.43734
 0.427964
 0.418879
 0.410047
 0.401431
 0.392987
 0.384674
 0.376444
 0.368251
 0.360046
 0.351776
 0.343386
 0.334818
 0.326004
 0.316869
 0.307319
 0.297241
 0.286489
  0.27488
 0.262192
 0.248191
 0.232678
 0.215734
 0.190401
-0.274457
-0.459789
