   0.729596
  -0.309528
  -0.422879
  -0.471466
  -0.497625
  -0.512557
  -0.520649
  -0.524192
  -0.524579
  -0.522736
  -0.519311
  -0.514772
  -0.509462
  -0.503638
  -0.497497
  -0.491192
  -0.484841
  -0.478536
  -0.472351
   -0.46634
  -0.460545
  -0.454994
  -0.449706
  -0.444687
  -0.439933
  -0.435429
  -0.431151
  -0.427064
  -0.423122
  -0.419266
  -0.415425
  -0.411513
  -0.407429
   -0.40305
  -0.398231
  -0.392794
  -0.386522
   -0.37914
  -0.370294
  -0.359516
  -0.346165
  -0.329341
  -0.307733
  -0.279369
  -0.241188
  -0.188301
  -0.112826
-0.00257242
   0.157493
   0.369673
   0.592267
   0.757871
   0.828282
   0.835517
   0.818376
   0.795445
   0.773219
   0.753443
   0.736237
   0.721239
   0.707994
   0.696082
    0.68515
   0.674912
   0.665145
   0.655672
   0.646361
   0.637108
   0.627841
   0.618502
   0.609055
   0.599471
   0.589735
   0.579836
   0.569767
   0.559526
   0.549111
   0.538523
   0.527761
   0.516823
    0.50571
   0.494418
   0.482944
   0.471282
   0.459427
   0.447369
   0.435095
   0.422589
   0.409823
    0.39676
   0.383343
   0.369485
   0.355059
   0.339873
    0.32364
   0.305932
   0.286089
      0.263
   0.234409
   0.186366
  -0.375306
  -0.354291
