  0.795901
 -0.351423
 -0.478427
 -0.532195
 -0.560886
 -0.577529
 -0.587183
 -0.592419
 -0.594733
 -0.595063
 -0.594025
 -0.592036
 -0.589385
 -0.586272
 -0.582842
 -0.579199
 -0.575418
 -0.571549
 -0.567631
 -0.563683
 -0.559716
 -0.555731
 -0.551715
 -0.547651
 -0.543509
 -0.539251
 -0.534831
 -0.530191
 -0.525264
 -0.519973
 -0.514229
 -0.507927
  -0.50095
 -0.493159
  -0.48439
 -0.474447
 -0.463089
 -0.450013
 -0.434827
 -0.417007
 -0.395836
   -0.3703
  -0.33892
 -0.299475
 -0.248528
 -0.180644
-0.0871797
 0.0448721
  0.230464
  0.467957
  0.706145
  0.871528
   0.92781
  0.916136
  0.880872
  0.842014
  0.805983
  0.774145
  0.746267
  0.721721
  0.699862
  0.680136
  0.662098
  0.645398
  0.629766
  0.614994
  0.600923
  0.587433
  0.574431
  0.561848
  0.549629
  0.537732
  0.526123
  0.514773
  0.503656
  0.492748
  0.482026
  0.471466
  0.461043
   0.45073
  0.440499
  0.430321
  0.420165
  0.409999
  0.399788
  0.389497
  0.379085
   0.36851
   0.35772
  0.346656
  0.335238
  0.323365
  0.310896
  0.297641
  0.283336
  0.267623
  0.250034
  0.229944
  0.206547
  0.170318
 -0.329765
 -0.466136
