  0.549798
  -0.30437
 -0.383385
 -0.415422
 -0.432029
 -0.440966
 -0.445185
 -0.446205
  -0.44495
 -0.442048
 -0.437953
 -0.433007
 -0.427476
 -0.421569
 -0.415459
 -0.409285
 -0.403163
 -0.397192
  -0.39145
 -0.386008
 -0.380919
 -0.376229
 -0.371972
 -0.368173
 -0.364847
 -0.362001
  -0.35963
 -0.357721
 -0.356251
 -0.355186
 -0.354479
 -0.354075
 -0.353901
 -0.353871
 -0.353879
 -0.353798
  -0.35347
 -0.352698
  -0.35123
 -0.348732
 -0.344749
 -0.338639
 -0.329455
 -0.315752
 -0.295234
 -0.264113
 -0.215994
 -0.140248
-0.0216458
  0.149548
  0.348765
  0.518193
   0.61536
  0.655647
  0.668348
  0.670157
  0.668193
    0.6652
  0.662149
  0.659305
  0.656665
  0.654129
  0.651576
  0.648887
  0.645961
  0.642716
  0.639088
  0.635032
  0.630517
  0.625525
  0.620049
   0.61409
  0.607657
  0.600761
  0.593419
   0.58565
  0.577472
  0.568905
  0.559968
   0.55068
  0.541056
  0.531114
  0.520865
  0.510323
  0.499498
  0.488397
  0.477025
  0.465383
  0.453465
  0.441255
  0.428726
  0.415825
  0.402468
   0.38852
  0.373762
  0.357834
  0.340121
  0.319415
  0.292673
  0.243296
 -0.363467
 -0.186332
