  0.793849
 -0.325632
 -0.451519
 -0.505666
  -0.53488
  -0.55178
 -0.561316
 -0.566056
 -0.567537
 -0.566758
 -0.564397
 -0.560929
 -0.556694
 -0.551938
 -0.546844
 -0.541547
 -0.536151
 -0.530731
 -0.525346
 -0.520035
 -0.514825
 -0.509732
 -0.504758
 -0.499898
 -0.495135
 -0.490441
  -0.48578
 -0.481104
 -0.476355
 -0.471462
 -0.466344
 -0.460901
 -0.455022
 -0.448569
 -0.441385
 -0.433275
 -0.424001
 -0.413263
 -0.400676
 -0.385725
 -0.367706
 -0.345629
 -0.318051
 -0.282808
 -0.236554
 -0.173985
-0.0866417
 0.0382961
  0.215866
  0.445624
  0.679163
  0.844815
  0.905647
  0.900109
   0.87091
  0.837583
  0.806525
  0.779176
  0.755381
   0.73457
  0.716138
  0.699559
  0.684404
  0.670335
  0.657088
  0.644459
  0.632291
  0.620468
  0.608899
  0.597517
  0.586271
  0.575126
  0.564052
  0.553027
  0.542035
  0.531061
  0.520091
  0.509113
  0.498112
  0.487076
  0.475989
  0.464835
  0.453598
  0.442259
  0.430797
  0.419191
  0.407415
  0.395437
  0.383219
  0.370708
  0.357834
  0.344495
   0.33055
   0.31579
  0.299918
  0.282508
  0.262947
  0.240295
  0.212931
  0.168877
 -0.364805
 -0.429044
