  0.803107
 -0.337593
  -0.46555
  -0.52027
 -0.549669
 -0.566709
 -0.576458
 -0.581525
  -0.58345
 -0.583218
 -0.581489
 -0.578715
 -0.575215
 -0.571219
  -0.56689
 -0.562352
 -0.557692
 -0.552977
 -0.548253
 -0.543552
 -0.538893
 -0.534282
 -0.529717
 -0.525184
  -0.52066
 -0.516113
 -0.511499
 -0.506768
 -0.501854
 -0.496685
 -0.491173
 -0.485217
   -0.4787
 -0.471483
 -0.463405
 -0.454268
 -0.443831
  -0.43179
 -0.417752
 -0.401194
   -0.3814
 -0.357358
 -0.327597
 -0.289907
 -0.240872
 -0.175086
-0.0839495
  0.045511
  0.228308
  0.463219
  0.699952
  0.865598
  0.923596
  0.914203
  0.881244
  0.844552
  0.810526
  0.780542
  0.754386
  0.731439
  0.711064
  0.692711
  0.675938
  0.660393
  0.645808
  0.631972
  0.618726
  0.605949
  0.593549
  0.581456
  0.569616
   0.55799
  0.546545
  0.535256
  0.524101
  0.513061
  0.502115
  0.491247
  0.480435
   0.46966
  0.458901
  0.448134
  0.437336
  0.426481
  0.415542
   0.40449
  0.393292
   0.38191
    0.3703
  0.358405
  0.346148
  0.333428
  0.320099
  0.305958
  0.290719
   0.27398
  0.255189
  0.233544
  0.207811
  0.167185
 -0.350425
 -0.452681
