 0.479024
-0.305514
-0.370947
-0.396457
-0.409384
-0.416127
-0.419068
-0.419412
-0.417889
-0.414998
-0.411103
-0.406487
-0.401375
 -0.39595
-0.390367
-0.384754
-0.379223
-0.373866
-0.368767
-0.363993
-0.359603
-0.355645
-0.352159
-0.349176
-0.346715
-0.344791
-0.343406
-0.342554
-0.342221
-0.342382
-0.343002
-0.344034
-0.345419
-0.347087
 -0.34895
-0.350902
-0.352812
-0.354518
-0.355814
-0.356425
-0.355978
-0.353941
-0.349527
-0.341515
-0.327933
 -0.30545
-0.268279
-0.206397
-0.104363
0.0508835
 0.242003
 0.414746
 0.524382
 0.579182
 0.604606
 0.616725
 0.623032
 0.626762
 0.629279
 0.631142
 0.632551
 0.633555
 0.634136
 0.634254
 0.633864
 0.632928
 0.631413
 0.629302
 0.626582
 0.623254
 0.619324
 0.614804
 0.609714
 0.604075
 0.597911
 0.591249
 0.584115
 0.576534
 0.568531
 0.560131
 0.551356
 0.542226
 0.532759
 0.522972
  0.51288
 0.502494
 0.491824
 0.480876
 0.469649
 0.458135
 0.446314
 0.434147
 0.421564
 0.408448
 0.394606
 0.379704
 0.363144
 0.343683
  0.31797
  0.26831
-0.359728
-0.119296
