  0.408571
 -0.306364
 -0.358195
 -0.377322
 -0.386784
 -0.391583
 -0.393513
 -0.393458
  -0.39195
 -0.389353
 -0.385944
 -0.381942
 -0.377532
 -0.372868
 -0.368085
 -0.363301
  -0.35862
 -0.354131
 -0.349915
 -0.346042
 -0.342571
 -0.339556
  -0.33704
 -0.335056
 -0.333634
 -0.332791
 -0.332538
 -0.332878
 -0.333802
 -0.335297
 -0.337336
 -0.339886
 -0.342902
 -0.346328
 -0.350096
 -0.354124
 -0.358311
 -0.362532
 -0.366628
 -0.370391
 -0.373534
 -0.375647
 -0.376109
 -0.373939
 -0.367504
 -0.353956
 -0.328136
 -0.280625
 -0.195684
-0.0565983
   0.12696
  0.304244
  0.427844
  0.498437
  0.537512
  0.560581
  0.575592
  0.586335
  0.594618
  0.601317
  0.606861
   0.61146
   0.61521
  0.618157
  0.620319
  0.621703
  0.622316
  0.622165
  0.621263
  0.619628
  0.617281
  0.614247
  0.610557
  0.606242
  0.601333
  0.595866
  0.589872
  0.583385
  0.576434
  0.569049
  0.561257
  0.553082
  0.544547
  0.535673
  0.526476
  0.516974
  0.507179
    0.4971
  0.486743
  0.476105
  0.465173
  0.453917
   0.44228
  0.430162
  0.417387
  0.403643
  0.388332
   0.37015
   0.34536
  0.294907
 -0.360072
-0.0484989
