  0.202107
 -0.244783
 -0.256349
 -0.262919
 -0.270055
  -0.27709
 -0.283745
 -0.289918
 -0.295606
 -0.300845
 -0.305693
 -0.310216
 -0.314482
 -0.318563
  -0.32253
 -0.326452
 -0.330399
 -0.334438
 -0.338635
 -0.343053
  -0.34775
 -0.352784
 -0.358207
 -0.364067
 -0.370409
 -0.377274
 -0.384697
 -0.392713
 -0.401348
 -0.410631
 -0.420586
 -0.431238
 -0.442612
  -0.45474
 -0.467659
 -0.481419
 -0.496082
 -0.511737
 -0.528497
 -0.546515
 -0.565984
 -0.587148
 -0.610289
 -0.635686
 -0.663478
 -0.693246
 -0.722871
  -0.74544
 -0.742163
 -0.674864
 -0.512564
  -0.29257
-0.0815742
 0.0799155
  0.194196
  0.275586
  0.335574
  0.381519
  0.417937
  0.447622
  0.472348
  0.493274
  0.511182
  0.526614
  0.539961
  0.551512
  0.561492
  0.570076
  0.577414
   0.58363
  0.588834
  0.593123
  0.596588
  0.599308
  0.601358
  0.602807
  0.603715
   0.60414
  0.604132
  0.603735
  0.602988
  0.601925
  0.600575
   0.59896
  0.597098
  0.595001
  0.592676
   0.59012
  0.587321
  0.584252
  0.580864
  0.577073
  0.572739
  0.567623
  0.561317
  0.553077
   0.54145
  0.523223
  0.489207
  0.402713
 -0.563659
  0.361551
