  0.342382
 -0.305535
 -0.344511
 -0.357865
   -0.3644
 -0.367731
 -0.369076
 -0.369008
 -0.367866
 -0.365892
 -0.363277
 -0.360185
 -0.356759
 -0.353128
 -0.349408
 -0.345706
 -0.342117
 -0.338727
 -0.335615
 -0.332852
 -0.330499
 -0.328611
 -0.327234
  -0.32641
 -0.326169
 -0.326537
 -0.327531
 -0.329159
 -0.331425
 -0.334321
 -0.337832
 -0.341937
 -0.346604
 -0.351795
 -0.357461
 -0.363545
 -0.369975
 -0.376667
 -0.383512
 -0.390369
 -0.397041
 -0.403242
 -0.408525
 -0.412151
 -0.412834
 -0.408212
 -0.393753
 -0.360615
 -0.292668
  -0.16934
0.00755088
  0.190549
  0.329214
  0.416391
  0.469614
  0.503917
  0.527783
  0.545604
   0.55966
  0.571169
  0.580799
  0.588929
  0.595781
  0.601486
  0.606131
  0.609773
  0.612456
  0.614218
  0.615097
  0.615128
  0.614349
    0.6128
   0.61052
  0.607551
  0.603934
  0.599709
  0.594918
  0.589596
  0.583781
  0.577506
  0.570802
  0.563697
  0.556218
  0.548387
  0.540226
  0.531753
  0.522984
  0.513931
  0.504602
  0.494999
  0.485115
  0.474924
   0.46438
  0.453391
  0.441792
  0.429273
  0.415216
  0.398205
  0.374004
  0.321814
 -0.367203
  0.024821
