 0.360109
-0.294882
-0.345327
-0.370108
-0.388282
-0.403583
-0.417318
-0.430083
 -0.44219
-0.453815
 -0.46506
 -0.47598
-0.486606
 -0.49695
-0.507015
-0.516797
-0.526285
-0.535466
-0.544326
-0.552845
-0.561003
-0.568777
-0.576144
-0.583075
-0.589542
-0.595513
-0.600957
 -0.60584
-0.610128
-0.613789
 -0.61679
-0.619102
-0.620699
-0.621559
-0.621662
-0.620997
-0.619554
-0.617326
-0.614302
-0.610462
-0.605758
-0.600089
-0.593238
-0.584768
-0.573789
-0.558477
-0.535018
-0.495442
-0.424251
-0.300093
-0.122571
0.0607889
 0.199345
 0.283705
 0.330726
  0.35616
  0.36941
 0.375612
 0.377596
 0.376984
 0.374746
 0.371499
 0.367647
 0.363474
 0.359186
  0.35494
  0.35086
 0.347044
 0.343576
 0.340522
 0.337937
 0.335865
 0.334341
 0.333389
 0.333025
 0.333254
 0.334074
 0.335476
 0.337439
 0.339937
 0.342934
 0.346387
 0.350244
 0.354444
 0.358917
 0.363584
 0.368353
 0.373121
 0.377771
 0.382167
 0.386155
  0.38955
 0.392132
 0.393626
 0.393665
 0.391719
 0.386904
 0.377422
  0.35827
 0.306402
-0.408729
0.0486199
