  0.452194
 -0.441749
 -0.501225
 -0.515497
 -0.517295
 -0.514569
 -0.509908
 -0.504426
 -0.498668
 -0.492936
 -0.487409
 -0.482202
 -0.477395
 -0.473043
 -0.469193
 -0.465879
 -0.463134
 -0.460984
 -0.459456
 -0.458572
 -0.458354
 -0.458823
 -0.459997
 -0.461894
 -0.464531
 -0.467921
 -0.472079
 -0.477018
  -0.48275
 -0.489291
 -0.496657
 -0.504869
 -0.513953
 -0.523948
 -0.534906
 -0.546896
 -0.560016
 -0.574397
 -0.590215
 -0.607707
 -0.627184
 -0.649049
 -0.673813
  -0.70208
  -0.73446
 -0.771215
 -0.811157
 -0.848422
 -0.864416
 -0.817344
  -0.66746
 -0.447268
 -0.224983
-0.0495905
 0.0762974
  0.166142
  0.231893
  0.281542
  0.320125
  0.350822
  0.375685
  0.396072
  0.412908
  0.426841
  0.438339
  0.447746
  0.455327
  0.461288
  0.465797
   0.46899
  0.470982
  0.471872
  0.471744
  0.470673
  0.468723
  0.465948
  0.462399
  0.458114
  0.453129
  0.447474
  0.441173
  0.434247
  0.426715
  0.418593
    0.4099
  0.400655
  0.390882
  0.380611
  0.369882
  0.358748
   0.34728
  0.335577
  0.323778
  0.312082
  0.300796
   0.29041
  0.281755
  0.276343
  0.277391
  0.286943
-0.0428983
 -0.409296
