 0.375343
-0.186277
-0.234312
-0.262894
-0.285972
-0.305804
-0.323501
-0.339721
-0.354895
-0.369309
-0.383154
-0.396558
-0.409608
 -0.42236
-0.434853
-0.447112
-0.459156
-0.470996
-0.482642
  -0.4941
-0.505375
 -0.51647
-0.527389
-0.538131
-0.548698
 -0.55909
-0.569307
 -0.57935
-0.589222
-0.598928
-0.608478
 -0.61789
-0.627189
-0.636413
-0.645617
-0.654874
-0.664286
-0.673984
-0.684142
-0.694981
-0.706784
  -0.7199
-0.734741
-0.751753
-0.771286
-0.793199
-0.815728
-0.832353
-0.824505
-0.753529
-0.587699
-0.365334
-0.153722
0.0057297
 0.115467
 0.190538
 0.243113
  0.28105
 0.309219
  0.33067
 0.347363
 0.360604
 0.371289
 0.380055
 0.387367
 0.393577
 0.398958
 0.403728
 0.408062
 0.412106
  0.41598
 0.419788
 0.423612
 0.427525
 0.431585
 0.435837
 0.440317
 0.445049
 0.450047
 0.455315
 0.460846
 0.466622
 0.472615
 0.478784
 0.485072
 0.491406
 0.497695
  0.50382
 0.509628
 0.514923
 0.519446
 0.522854
 0.524681
 0.524277
 0.520716
 0.512605
 0.497652
  0.47147
 0.422858
 0.309474
-0.729709
 0.354366
