  0.364838
  -0.16876
 -0.212805
  -0.24016
 -0.262802
 -0.282352
 -0.299751
 -0.315611
 -0.330359
 -0.344292
 -0.357618
 -0.370479
 -0.382977
 -0.395182
 -0.407146
 -0.418908
   -0.4305
 -0.441947
 -0.453271
 -0.464492
 -0.475629
 -0.486698
 -0.497715
 -0.508696
 -0.519653
 -0.530601
 -0.541551
 -0.552517
 -0.563513
 -0.574557
 -0.585669
 -0.596879
 -0.608221
 -0.619746
 -0.631521
 -0.643633
 -0.656201
 -0.669378
 -0.683367
 -0.698428
 -0.714897
 -0.733198
 -0.753851
  -0.77745
 -0.804553
 -0.835296
 -0.868216
 -0.896895
 -0.901815
 -0.840417
 -0.674542
 -0.441241
 -0.212061
-0.0351153
 0.0892984
  0.176232
  0.238485
  0.284492
  0.319538
  0.346956
  0.368901
  0.386808
  0.401665
  0.414171
  0.424837
  0.434048
  0.442102
  0.449237
  0.455643
  0.461482
  0.466887
  0.471971
  0.476831
  0.481551
  0.486199
  0.490834
  0.495504
  0.500245
  0.505083
  0.510036
  0.515109
    0.5203
  0.525593
  0.530962
  0.536364
  0.541744
  0.547024
  0.552103
  0.556843
  0.561063
  0.564515
   0.56686
  0.567623
  0.566125
  0.561367
  0.551812
  0.534891
  0.505653
  0.451478
  0.325555
 -0.793977
  0.429139
