 0.359765
-0.268275
-0.317926
-0.343631
-0.363083
-0.379633
-0.394524
-0.408356
 -0.42146
-0.434032
-0.446187
-0.457995
-0.469496
 -0.48071
-0.491645
-0.502301
-0.512672
-0.522749
-0.532521
-0.541972
-0.551085
-0.559843
-0.568224
-0.576206
-0.583766
-0.590879
-0.597517
-0.603655
-0.609267
-0.614327
-0.618814
 -0.62271
-0.625999
-0.628676
 -0.63074
-0.632202
-0.633079
-0.633401
-0.633206
-0.632534
-0.631424
-0.629888
-0.627873
-0.625167
  -0.6212
-0.614589
-0.602077
-0.576149
-0.520747
 -0.41055
-0.237571
-0.046657
 0.108052
 0.209496
 0.270882
 0.307663
 0.329845
 0.343192
 0.351016
 0.355277
 0.357188
  0.35753
 0.356829
 0.355456
 0.353681
 0.351711
 0.349707
 0.347796
 0.346086
 0.344661
 0.343594
 0.342942
 0.342751
 0.343056
 0.343881
 0.345242
 0.347144
 0.349583
 0.352546
 0.356013
 0.359952
 0.364325
 0.369082
 0.374165
 0.379506
 0.385022
 0.390619
 0.396188
 0.401597
 0.406695
 0.411296
 0.415176
 0.418053
  0.41956
   0.4192
 0.416242
 0.409481
 0.396535
 0.371001
 0.305533
-0.479163
 0.119397
