 0.363503
-0.243249
-0.292618
-0.319351
-0.340047
-0.357749
-0.373666
-0.388413
 -0.40235
-0.415694
-0.428583
  -0.4411
-0.453296
-0.465201
 -0.47683
-0.488187
-0.499274
-0.510084
 -0.52061
-0.530843
-0.540768
-0.550374
-0.559644
 -0.56856
-0.577106
-0.585262
-0.593007
-0.600323
-0.607192
-0.613595
-0.619522
-0.624962
-0.629915
-0.634387
-0.638396
 -0.64197
-0.645155
-0.648013
-0.650624
-0.653087
-0.655515
-0.658028
-0.660717
-0.663579
-0.666332
-0.667991
-0.665785
-0.652577
-0.611685
-0.513955
-0.344295
-0.145289
0.0253586
 0.143365
 0.218608
 0.266334
 0.297151
 0.317431
 0.330944
 0.339974
 0.345957
 0.349833
  0.35224
  0.35363
 0.354333
 0.354601
 0.354628
 0.354572
 0.354559
 0.354694
 0.355062
 0.355735
  0.35677
 0.358212
 0.360094
 0.362441
 0.365264
 0.368568
 0.372347
 0.376584
 0.381256
 0.386326
 0.391752
 0.397476
 0.403432
 0.409538
 0.415696
 0.421791
 0.427682
 0.433199
 0.438129
 0.442209
 0.445095
 0.446334
 0.445298
 0.441061
 0.432106
 0.415479
 0.383419
  0.30437
-0.549922
 0.186419
