  0.772501
 -0.366128
   -0.4892
 -0.540591
 -0.567794
 -0.583608
 -0.592941
 -0.598254
 -0.600946
  -0.60188
  -0.60161
 -0.600503
 -0.598807
 -0.596695
 -0.594286
 -0.591663
 -0.588885
  -0.58599
 -0.583003
 -0.579936
  -0.57679
 -0.573558
 -0.570224
  -0.56676
 -0.563135
 -0.559305
 -0.555219
 -0.550818
 -0.546031
 -0.540779
 -0.534972
 -0.528505
 -0.521261
 -0.513101
 -0.503866
 -0.493363
 -0.481354
 -0.467544
 -0.451546
 -0.432848
 -0.410742
  -0.38423
 -0.351849
 -0.311401
 -0.259481
 -0.190695
-0.0964635
 0.0361365
  0.221963
  0.459347
  0.697184
  0.862062
  0.917833
  0.905558
  0.869542
  0.829804
  0.792809
  0.759961
  0.731062
  0.705506
  0.682668
  0.662011
  0.643102
  0.625601
  0.609246
  0.593837
  0.579221
   0.56528
  0.551925
  0.539089
  0.526719
   0.51477
   0.50321
  0.492005
   0.48113
  0.470555
  0.460254
  0.450199
  0.440357
  0.430699
   0.42119
  0.411794
  0.402474
  0.393191
  0.383903
  0.374568
   0.36514
   0.35557
  0.345802
  0.335772
  0.325402
  0.314594
  0.303218
  0.291101
  0.278017
  0.263667
  0.247694
  0.229674
  0.209255
  0.178225
 -0.303865
 -0.468636
