  0.462036
 -0.451616
 -0.514975
 -0.530871
 -0.533422
 -0.531045
 -0.526501
 -0.520981
 -0.515074
 -0.509103
 -0.503259
 -0.497664
 -0.492397
 -0.487514
 -0.483057
 -0.479057
 -0.475539
 -0.472523
 -0.470027
 -0.468064
 -0.466647
 -0.465784
 -0.465484
 -0.465751
 -0.466587
 -0.467992
 -0.469963
 -0.472497
 -0.475586
 -0.479222
 -0.483398
 -0.488105
 -0.493337
 -0.499092
 -0.505371
 -0.512187
 -0.519557
 -0.527516
 -0.536111
 -0.545407
 -0.555482
 -0.566424
 -0.578297
 -0.591082
 -0.604499
 -0.617584
 -0.627599
  -0.62736
 -0.599718
 -0.513646
 -0.350253
 -0.149648
 0.0292148
  0.158355
  0.245288
  0.304389
     0.346
  0.376409
  0.399346
  0.417065
  0.430966
   0.44195
  0.450615
  0.457373
  0.462516
  0.466259
  0.468765
  0.470163
  0.470559
  0.470039
  0.468679
  0.466543
  0.463688
  0.460163
  0.456012
   0.45127
  0.445972
  0.440142
  0.433805
  0.426977
  0.419676
  0.411914
  0.403704
  0.395056
  0.385986
   0.37651
  0.366648
  0.356428
   0.34589
  0.335082
  0.324075
  0.312962
  0.301879
  0.291023
    0.2807
  0.271413
  0.264047
  0.260269
  0.263816
  0.278568
-0.0152912
 -0.446744
