    0.36724
  -0.321796
  -0.373979
  -0.398173
  -0.415176
  -0.429224
  -0.441734
  -0.453324
  -0.464303
  -0.474836
  -0.485015
  -0.494888
  -0.504479
  -0.513795
  -0.522835
  -0.531591
   -0.54005
  -0.548196
  -0.556012
  -0.563475
  -0.570564
   -0.57725
  -0.583507
  -0.589303
  -0.594604
  -0.599373
  -0.603574
  -0.607166
  -0.610108
  -0.612359
  -0.613877
  -0.614621
  -0.614552
  -0.613631
  -0.611822
  -0.609087
  -0.605387
  -0.600676
  -0.594894
  -0.587954
   -0.57972
  -0.569966
  -0.558307
  -0.544065
  -0.526011
  -0.501846
  -0.467156
  -0.413437
  -0.325666
  -0.186445
-0.00320718
   0.173492
   0.296299
   0.363673
   0.396327
   0.410406
   0.414733
   0.413819
   0.410009
   0.404578
   0.398254
   0.391478
   0.384533
   0.377612
   0.370854
   0.364366
   0.358231
   0.352518
   0.347286
    0.34258
   0.338441
   0.334898
   0.331973
   0.329681
   0.328027
    0.32701
    0.32662
    0.32684
   0.327645
   0.329003
   0.330874
    0.33321
   0.335958
   0.339054
   0.342429
   0.346003
   0.349692
   0.353397
   0.357015
   0.360427
   0.363506
   0.366107
   0.368068
   0.369196
    0.36925
   0.367889
   0.364542
   0.357987
   0.344608
    0.30559
  -0.342563
 -0.0246765
