 0.504339
-0.398586
-0.474767
-0.504768
-0.521432
  -0.5327
-0.541267
-0.548315
 -0.55443
-0.559926
-0.564979
-0.569688
 -0.57411
-0.578273
 -0.58219
-0.585863
-0.589286
-0.592446
-0.595328
-0.597909
-0.600164
-0.602062
-0.603568
-0.604644
-0.605243
-0.605318
-0.604812
-0.603666
-0.601816
-0.599192
-0.595718
-0.591313
-0.585887
-0.579342
-0.571568
-0.562434
-0.551785
-0.539427
-0.525107
-0.508482
-0.489075
-0.466193
-0.438799
-0.405293
-0.363131
-0.308156
  -0.2335
-0.128214
0.0219525
 0.221316
  0.43426
 0.596903
 0.670954
  0.68267
 0.667494
 0.643706
 0.618434
 0.594124
 0.571465
 0.550523
 0.531166
 0.513218
 0.496518
 0.480927
 0.466341
 0.452678
 0.439878
 0.427897
 0.416702
 0.406269
 0.396578
  0.38761
 0.379346
 0.371768
 0.364852
 0.358571
 0.352896
 0.347791
 0.343215
 0.339125
  0.33547
 0.332198
 0.329249
 0.326562
 0.324071
 0.321706
 0.319396
 0.317068
 0.314646
 0.312056
 0.309227
 0.306091
 0.302589
 0.298679
 0.294346
 0.289627
 0.284645
 0.279652
 0.275021
 0.264171
-0.198242
-0.306097
