  0.768879
 -0.316231
 -0.437161
 -0.489226
 -0.517344
 -0.533536
 -0.542518
 -0.546751
 -0.547721
 -0.546405
 -0.543478
 -0.539419
 -0.534577
 -0.529209
 -0.523507
 -0.517618
 -0.511653
   -0.5057
 -0.499823
 -0.494071
  -0.48848
  -0.48307
 -0.477854
  -0.47283
 -0.467989
  -0.46331
 -0.458762
 -0.454303
  -0.44988
  -0.44543
 -0.440873
 -0.436119
 -0.431058
 -0.425561
 -0.419474
 -0.412609
 -0.404737
 -0.395569
  -0.38473
 -0.371726
 -0.355879
 -0.336234
 -0.311405
 -0.279309
 -0.236717
 -0.178503
-0.0964506
 0.0219954
  0.191878
  0.413943
  0.642691
  0.808317
  0.873335
  0.873412
  0.849553
  0.820872
  0.793796
   0.76989
  0.749114
  0.730983
  0.714954
  0.700545
  0.687359
  0.675078
  0.663454
  0.652294
  0.641452
  0.630817
  0.620303
  0.609849
   0.59941
  0.588953
  0.578456
    0.5679
  0.557275
  0.546572
  0.535783
  0.524901
  0.513919
  0.502831
  0.491627
    0.4803
  0.468838
   0.45723
  0.445463
  0.433522
  0.421387
  0.409034
   0.39643
   0.38353
  0.370268
  0.356551
  0.342241
  0.327134
  0.310935
  0.293207
  0.273304
  0.250185
  0.221886
  0.175387
  -0.37293
 -0.395948
