  0.408687
  -0.30642
 -0.358269
 -0.377405
 -0.386872
 -0.391674
 -0.393608
 -0.393557
 -0.392051
 -0.389457
  -0.38605
 -0.382051
 -0.377643
 -0.372982
 -0.368202
 -0.363421
 -0.358742
 -0.354255
 -0.350042
 -0.346171
 -0.342703
 -0.339691
 -0.337177
 -0.335197
 -0.333778
 -0.332938
 -0.332689
 -0.333031
  -0.33396
 -0.335458
 -0.337502
 -0.340056
 -0.343077
 -0.346509
 -0.350283
 -0.354318
 -0.358512
 -0.362741
 -0.366847
 -0.370621
 -0.373777
 -0.375905
 -0.376385
 -0.374237
  -0.36783
 -0.354316
 -0.328541
 -0.281084
 -0.196202
-0.0571598
  0.126406
  0.303751
  0.427445
  0.498127
  0.537273
  0.560395
  0.575447
  0.586221
  0.594528
  0.601247
  0.606808
  0.611419
  0.615181
  0.618138
  0.620307
  0.621699
  0.622317
  0.622172
  0.621276
  0.619645
  0.617301
  0.614271
  0.610584
  0.606272
  0.601366
  0.595901
  0.589909
  0.583424
  0.576475
  0.569091
  0.561301
  0.553127
  0.544593
  0.535719
  0.526524
  0.517022
  0.507228
   0.49715
  0.486793
  0.476155
  0.465223
  0.453967
  0.442329
  0.430211
  0.417436
   0.40369
  0.388378
  0.370194
  0.345401
  0.294942
 -0.360138
-0.0485488
