   0.471855
  -0.453395
  -0.520784
  -0.538813
  -0.542667
  -0.541151
  -0.537186
  -0.532045
  -0.526362
   -0.52049
  -0.514635
  -0.508929
  -0.503456
  -0.498273
   -0.49342
  -0.488926
  -0.484811
  -0.481088
  -0.477769
  -0.474857
  -0.472357
  -0.470266
  -0.468581
  -0.467293
  -0.466393
  -0.465863
  -0.465687
  -0.465841
    -0.4663
  -0.467033
  -0.468007
  -0.469186
   -0.47053
  -0.471996
  -0.473536
  -0.475101
  -0.476633
  -0.478066
  -0.479318
   -0.48028
  -0.480798
  -0.480637
  -0.479413
  -0.476476
  -0.470653
  -0.459745
  -0.439462
  -0.401328
   -0.32973
  -0.204671
 -0.0284104
   0.151454
   0.285602
   0.367399
   0.414557
   0.442306
   0.459317
    0.47013
   0.477139
   0.481651
   0.484404
   0.485832
   0.486203
   0.485686
   0.484397
   0.482416
   0.479808
    0.47662
   0.472897
   0.468675
   0.463988
   0.458867
   0.453339
    0.44743
    0.44116
   0.434549
   0.427611
    0.42036
   0.412805
   0.404953
    0.39681
   0.388382
   0.379673
   0.370688
   0.361435
   0.351926
   0.342177
   0.332211
    0.32206
   0.311768
   0.301394
   0.291024
   0.280776
   0.270833
   0.261478
   0.253194
   0.246857
   0.244173
   0.249128
   0.266651
-0.00109286
  -0.470762
