   0.729638
  -0.309578
  -0.422932
  -0.471521
  -0.497682
  -0.512618
  -0.520714
   -0.52426
   -0.52465
  -0.522812
  -0.519391
  -0.514856
  -0.509549
   -0.50373
  -0.497593
  -0.491292
  -0.484945
  -0.478644
  -0.472462
  -0.466455
  -0.460664
  -0.455118
  -0.449835
   -0.44482
   -0.44007
   -0.43557
  -0.431298
  -0.427216
  -0.423279
  -0.419428
  -0.415593
  -0.411687
   -0.40761
  -0.403239
  -0.398427
     -0.393
  -0.386737
  -0.379366
  -0.370532
  -0.359768
  -0.346434
  -0.329629
  -0.308044
  -0.279709
  -0.241562
   -0.18872
  -0.113302
-0.00311779
    0.15687
   0.368987
    0.59158
   0.757251
    0.82777
   0.835112
   0.818056
    0.79519
   0.773015
   0.753277
   0.736101
   0.721127
   0.707902
   0.696007
   0.685089
   0.674864
   0.665107
   0.655644
    0.64634
   0.637095
   0.627834
   0.618501
   0.609059
    0.59948
   0.589748
   0.579853
   0.569788
    0.55955
   0.549138
   0.538553
   0.527793
   0.516859
   0.505748
   0.494458
   0.482986
   0.471326
   0.459472
   0.447416
   0.435144
   0.422639
   0.409874
   0.396813
   0.383396
   0.369539
   0.355114
   0.339928
   0.323696
   0.305988
   0.286146
   0.263057
   0.234465
   0.186417
  -0.375368
   -0.35427
