  0.549881
 -0.304425
 -0.383452
 -0.415494
 -0.432105
 -0.441045
 -0.445268
 -0.446291
 -0.445039
  -0.44214
 -0.438049
 -0.433106
 -0.427578
 -0.421675
 -0.415568
 -0.409397
 -0.403278
 -0.397309
 -0.391572
 -0.386132
 -0.381047
  -0.37636
 -0.372106
 -0.368311
 -0.364989
 -0.362146
 -0.359779
 -0.357875
 -0.356409
 -0.355348
 -0.354647
 -0.354248
  -0.35408
 -0.354056
 -0.354071
 -0.353997
 -0.353678
 -0.352915
 -0.351458
 -0.348972
 -0.345004
 -0.338911
 -0.329747
 -0.316069
 -0.295582
   -0.2645
 -0.216431
 -0.140746
-0.0222115
  0.148931
  0.348151
  0.517643
  0.614911
  0.655295
  0.668073
  0.669941
  0.668021
  0.665063
  0.662039
  0.659217
  0.656594
  0.654074
  0.651533
  0.648855
  0.645938
  0.642701
   0.63908
   0.63503
  0.630521
  0.625534
  0.620063
  0.614108
  0.607678
  0.600785
  0.593447
   0.58568
  0.577505
   0.56894
  0.560005
  0.550719
  0.541097
  0.531156
  0.520909
  0.510369
  0.499544
  0.488445
  0.477074
  0.465432
  0.453515
  0.441306
  0.428777
  0.415876
   0.40252
  0.388572
  0.373813
  0.357885
  0.340172
  0.319465
  0.292721
  0.243339
 -0.363529
 -0.186351
