 0.210309
-0.280823
-0.294017
-0.298199
-0.301878
-0.305293
-0.308362
-0.311016
-0.313235
-0.315039
-0.316473
-0.317601
-0.318494
-0.319231
 -0.31989
-0.320553
-0.321297
-0.322196
-0.323324
-0.324749
-0.326533
-0.328735
-0.331409
-0.334604
-0.338363
-0.342724
-0.347718
-0.353373
-0.359711
-0.366749
-0.374499
-0.382972
-0.392174
-0.402114
-0.412799
-0.424242
-0.436461
-0.449482
-0.463344
-0.478097
-0.493803
-0.510524
-0.528297
-0.547062
-0.566488
-0.585524
-0.601287
-0.606319
-0.582919
-0.499065
-0.334673
 -0.12967
0.0553868
 0.191204
 0.284868
 0.350669
  0.39893
 0.435928
 0.465377
 0.489514
 0.509724
  0.52689
 0.541595
 0.554239
 0.565104
 0.574396
 0.582275
  0.58887
 0.594288
 0.598623
  0.60196
 0.604375
 0.605942
 0.606728
 0.606798
  0.60621
 0.605022
 0.603284
 0.601044
 0.598345
 0.595227
 0.591723
 0.587866
 0.583681
 0.579191
 0.574418
 0.569375
 0.564075
 0.558523
 0.552715
 0.546636
 0.540249
 0.533483
 0.526208
 0.518183
 0.508944
 0.497536
 0.481722
 0.454741
 0.387451
-0.452678
 0.242369
