  0.303867
 -0.178119
  -0.20914
 -0.229552
 -0.247564
  -0.26353
 -0.277871
 -0.290947
 -0.303055
 -0.314422
 -0.325221
 -0.335582
 -0.345602
  -0.35536
  -0.36492
 -0.374338
 -0.383662
 -0.392938
 -0.402209
 -0.411517
   -0.4209
 -0.430395
 -0.440039
 -0.449864
 -0.459904
 -0.470187
 -0.480742
 -0.491598
  -0.50278
 -0.514317
 -0.526239
 -0.538581
 -0.551386
 -0.564706
 -0.578608
 -0.593182
 -0.608542
 -0.624842
  -0.64228
 -0.661115
 -0.681686
  -0.70442
 -0.729851
 -0.758597
 -0.791252
    -0.828
 -0.867418
 -0.903026
 -0.914818
 -0.858605
 -0.693556
  -0.45591
 -0.218983
-0.0336487
 0.0985386
  0.192448
  0.260985
   0.31271
  0.353003
  0.385258
  0.411666
  0.433684
  0.452308
  0.468241
  0.481995
  0.493954
  0.504414
   0.51361
  0.521733
  0.528945
  0.535382
  0.541162
  0.546389
  0.551152
  0.555532
  0.559597
  0.563408
  0.567015
  0.570462
   0.57378
  0.576997
  0.580128
  0.583181
  0.586155
  0.589036
  0.591802
  0.594413
  0.596811
  0.598911
  0.600595
  0.601692
  0.601951
  0.601006
  0.598302
  0.592977
  0.583631
  0.567803
  0.540583
  0.489172
   0.36607
 -0.772609
  0.468742
