  0.202262
 -0.244861
 -0.256452
 -0.263032
 -0.270173
 -0.277211
 -0.283868
 -0.290043
 -0.295731
 -0.300972
 -0.305821
 -0.310345
 -0.314612
 -0.318694
 -0.322661
 -0.326584
 -0.330531
 -0.334572
  -0.33877
 -0.343188
 -0.347887
 -0.352922
 -0.358346
 -0.364207
 -0.370551
 -0.377417
 -0.384843
  -0.39286
 -0.401497
 -0.410783
  -0.42074
 -0.431394
 -0.442772
 -0.454903
 -0.467826
 -0.481589
 -0.496258
 -0.511918
 -0.528684
 -0.546709
 -0.566187
 -0.587361
 -0.610514
 -0.635926
 -0.663736
 -0.693527
 -0.723181
 -0.745785
 -0.742545
 -0.675268
 -0.512952
 -0.292905
-0.0818358
 0.0797206
  0.194053
  0.275481
  0.335498
  0.381465
    0.4179
  0.447599
  0.472336
  0.493272
  0.511187
  0.526625
  0.539977
  0.551533
  0.561517
  0.570105
  0.577445
  0.583664
   0.58887
  0.593161
  0.596627
  0.599349
    0.6014
   0.60285
  0.603759
  0.604185
  0.604177
   0.60378
  0.603033
   0.60197
   0.60062
  0.599005
  0.597142
  0.595045
  0.592719
  0.590163
  0.587362
  0.584292
  0.580903
   0.57711
  0.572773
  0.567656
  0.561347
  0.553104
  0.541475
  0.523246
  0.489228
  0.402735
 -0.563682
   0.36142
