  0.348962
 -0.307852
 -0.359173
 -0.385887
  -0.40625
 -0.423553
 -0.438813
 -0.452457
  -0.46472
  -0.47576
 -0.485697
 -0.494625
 -0.502622
 -0.509749
 -0.516052
 -0.521565
 -0.526308
 -0.530293
 -0.533518
 -0.535973
 -0.537639
 -0.538485
 -0.538471
 -0.537549
  -0.53566
 -0.532734
 -0.528691
 -0.523439
 -0.516874
 -0.508878
 -0.499318
 -0.488041
 -0.474869
 -0.459597
 -0.441977
 -0.421709
 -0.398419
  -0.37163
 -0.340718
 -0.304847
 -0.262873
 -0.213187
 -0.153476
-0.0803353
 0.0113382
  0.129271
  0.284912
  0.493342
  0.765589
   1.07695
    1.3339
   1.44978
   1.40977
   1.29812
   1.17899
   1.07365
  0.984957
  0.910717
  0.848011
  0.794325
  0.747714
  0.706719
  0.670255
  0.637518
  0.607906
  0.580965
  0.556352
  0.533804
  0.513116
  0.494129
  0.476713
  0.460764
  0.446192
  0.432921
  0.420882
  0.410012
  0.400253
  0.391548
  0.383844
   0.37709
  0.371235
  0.366232
  0.362036
  0.358604
  0.355896
  0.353873
  0.352501
  0.351745
  0.351569
  0.351931
  0.352778
  0.354038
  0.355601
  0.357302
  0.358875
  0.359883
   0.35954
  0.356204
  0.345293
  0.305383
 -0.378263
 0.0293014
