  0.368862
  -0.22084
 -0.270064
 -0.297733
 -0.319521
 -0.338203
 -0.354963
 -0.370438
 -0.385015
  -0.39894
 -0.412367
 -0.425398
 -0.438096
 -0.450499
 -0.462629
   -0.4745
 -0.486115
 -0.497476
  -0.50858
 -0.519421
 -0.529993
 -0.540287
 -0.550292
 -0.559998
 -0.569392
 -0.578462
 -0.587194
 -0.595576
 -0.603597
 -0.611247
 -0.618524
 -0.625428
 -0.631967
 -0.638162
 -0.644043
 -0.649659
 -0.655076
 -0.660386
 -0.665706
 -0.671184
 -0.677003
 -0.683373
 -0.690515
 -0.698605
 -0.707617
 -0.716906
 -0.724118
 -0.722402
 -0.694422
 -0.607443
 -0.439935
 -0.232661
-0.0468137
 0.0867358
   0.17493
   0.23289
  0.271808
   0.29862
  0.317519
  0.331086
  0.340959
  0.348221
  0.353613
  0.357657
  0.360739
   0.36315
  0.365116
  0.366818
  0.368401
  0.369987
  0.371676
  0.373549
  0.375675
  0.378108
  0.380891
  0.384056
  0.387622
  0.391601
  0.395993
   0.40079
  0.405971
  0.411508
   0.41736
  0.423475
  0.429789
  0.436221
  0.442672
  0.449024
  0.455127
  0.460797
    0.4658
  0.469835
  0.472507
  0.473282
  0.471415
  0.465797
   0.45462
  0.434394
  0.396082
  0.304141
 -0.617436
  0.248573
