   0.32986
 -0.170271
   -0.2065
 -0.229891
 -0.249975
 -0.267555
 -0.283258
 -0.297554
 -0.310799
 -0.323257
  -0.33512
 -0.346526
 -0.357579
 -0.368357
  -0.37892
 -0.389319
 -0.399597
 -0.409794
 -0.419946
 -0.430087
 -0.440249
 -0.450463
 -0.460759
 -0.471163
 -0.481704
 -0.492404
 -0.503289
 -0.514382
 -0.525706
 -0.537286
 -0.549152
 -0.561337
 -0.573882
 -0.586842
 -0.600286
 -0.614305
 -0.629019
 -0.644585
 -0.661208
 -0.679158
  -0.69878
 -0.720515
 -0.744911
 -0.772603
 -0.804208
 -0.839939
  -0.87841
 -0.913178
 -0.924258
 -0.867421
 -0.701799
 -0.463806
 -0.226835
-0.0418188
 0.0897466
  0.182829
  0.250418
  0.301132
  0.340393
  0.371622
  0.397034
    0.4181
   0.43583
  0.450939
  0.463947
  0.475245
  0.485135
  0.493856
  0.501603
  0.508541
  0.514805
  0.520516
  0.525776
  0.530673
  0.535286
  0.539681
  0.543915
  0.548034
  0.552076
  0.556071
  0.560036
  0.563984
  0.567913
  0.571814
  0.575664
  0.579429
  0.583055
  0.586468
  0.589565
    0.5922
  0.594173
  0.595194
  0.594848
  0.592517
  0.587264
  0.577592
  0.560929
  0.532218
  0.478428
  0.351394
 -0.796025
  0.466165
