    0.3649
 -0.168844
 -0.212897
 -0.240255
 -0.262899
 -0.282451
 -0.299852
 -0.315714
 -0.330463
 -0.344398
 -0.357726
 -0.370589
 -0.383088
 -0.395295
  -0.40726
 -0.419024
 -0.430617
 -0.442065
 -0.453391
 -0.464613
 -0.475751
 -0.486822
  -0.49784
 -0.508822
 -0.519781
  -0.53073
 -0.541682
  -0.55265
 -0.563648
 -0.574694
 -0.585809
  -0.59702
 -0.608365
 -0.619893
 -0.631671
 -0.643787
 -0.656359
 -0.669541
 -0.683535
 -0.698602
 -0.715078
 -0.733388
  -0.75405
 -0.777662
  -0.80478
 -0.835543
 -0.868486
 -0.897194
 -0.902144
 -0.840763
 -0.674871
 -0.441521
 -0.212277
-0.0352733
  0.089185
  0.176152
   0.23843
  0.284455
  0.319515
  0.346945
  0.368899
  0.386814
  0.401678
  0.414189
  0.424859
  0.434074
  0.442132
  0.449269
  0.455678
  0.461519
  0.466925
  0.472011
  0.476872
  0.481593
  0.486242
  0.490878
  0.495548
  0.500289
  0.505128
  0.510081
  0.515155
  0.520345
  0.525638
  0.531006
  0.536408
  0.541787
  0.547067
  0.552145
  0.556884
  0.561103
  0.564555
  0.566899
  0.567661
  0.566163
  0.561405
  0.551851
  0.534932
  0.505697
  0.451528
  0.325614
 -0.793965
  0.429066
