  0.62535
-0.400267
-0.497541
-0.536177
-0.556505
-0.568912
-0.577141
-0.582935
-0.587213
  -0.5905
-0.593106
-0.595224
-0.596973
-0.598428
-0.599635
 -0.60062
-0.601397
-0.601967
-0.602326
 -0.60246
-0.602352
-0.601975
-0.601299
-0.600287
-0.598894
 -0.59707
-0.594759
-0.591896
-0.588413
 -0.58423
-0.579263
-0.573415
 -0.56658
 -0.55864
-0.549454
 -0.53886
-0.526658
-0.512599
-0.496358
-0.477501
-0.455424
-0.429264
-0.397749
-0.358945
-0.309827
-0.245547
-0.158292
-0.036056
 0.135589
 0.357192
 0.583873
 0.746334
 0.808011
  0.80408
 0.775191
 0.740617
 0.707086
 0.676432
 0.648828
 0.623954
 0.601397
 0.580777
 0.561778
 0.544153
 0.527709
   0.5123
 0.497816
 0.484172
 0.471305
 0.459165
 0.447713
 0.436916
 0.426744
 0.417168
 0.408158
 0.399685
 0.391714
  0.38421
 0.377131
 0.370436
 0.364077
 0.358004
 0.352165
 0.346502
 0.340958
 0.335471
 0.329979
 0.324418
 0.318719
 0.312815
 0.306634
 0.300098
  0.29313
 0.285645
 0.277562
 0.268823
 0.259444
 0.249609
  0.23998
  0.22512
-0.219502
-0.405847
