   0.499494
  -0.419425
  -0.498291
  -0.524735
   -0.53512
  -0.538832
  -0.539117
  -0.537449
  -0.534601
  -0.531017
  -0.526969
  -0.522633
  -0.518122
   -0.51351
  -0.508844
  -0.504153
  -0.499451
  -0.494742
  -0.490021
  -0.485273
  -0.480479
  -0.475611
  -0.470636
  -0.465512
  -0.460192
  -0.454621
  -0.448736
  -0.442464
  -0.435727
  -0.428431
  -0.420474
  -0.411739
  -0.402091
  -0.391372
  -0.379398
  -0.365945
  -0.350736
  -0.333422
  -0.313552
  -0.290524
  -0.263517
  -0.231377
  -0.192444
  -0.144262
 -0.0831144
-0.00328529
   0.103918
   0.250589
   0.447746
   0.683508
    0.89491
    1.01334
    1.01766
   0.962588
    0.89494
   0.832259
   0.778333
   0.732648
   0.693744
   0.660198
   0.630844
   0.604778
   0.581312
   0.559929
   0.540233
   0.521926
    0.50478
   0.488619
   0.473308
   0.458741
   0.444835
   0.431522
   0.418747
   0.406465
   0.394634
   0.383218
   0.372185
   0.361504
   0.351145
   0.341081
   0.331286
   0.321736
   0.312409
   0.303284
   0.294345
   0.285579
   0.276975
   0.268527
   0.260237
   0.252109
   0.244158
    0.23641
   0.228909
   0.221734
    0.21503
   0.209078
   0.204464
   0.202463
   0.206395
   0.220107
 -0.0296241
   -0.46987
