  0.772514
 -0.366152
 -0.489224
 -0.540616
 -0.567821
 -0.583638
 -0.592975
 -0.598291
 -0.600987
 -0.601925
 -0.601659
 -0.600555
 -0.598863
 -0.596754
 -0.594348
 -0.591729
 -0.588954
 -0.586063
 -0.583079
 -0.580016
 -0.576874
 -0.573645
 -0.570314
 -0.566855
 -0.563233
 -0.559407
 -0.555326
 -0.550928
 -0.546146
 -0.540899
 -0.535096
 -0.528635
 -0.521396
 -0.513242
 -0.504014
 -0.493517
 -0.481517
 -0.467715
 -0.451727
  -0.43304
 -0.410948
 -0.384451
 -0.352088
 -0.311662
  -0.25977
 -0.191019
-0.0968318
 0.0357134
  0.221478
  0.458814
  0.696648
  0.861578
  0.917433
  0.905241
  0.869292
  0.829606
  0.792649
  0.759831
  0.730956
  0.705419
  0.682597
  0.661954
  0.643055
  0.625564
  0.609218
  0.593816
  0.579206
  0.565271
  0.551922
   0.53909
  0.526724
  0.514779
  0.503222
  0.492021
  0.481149
  0.470577
  0.460279
  0.450226
  0.440387
  0.430731
  0.421224
   0.41183
  0.402512
   0.39323
  0.383944
  0.374611
  0.365185
  0.355616
  0.345849
  0.335821
  0.325452
  0.314645
  0.303269
  0.291154
   0.27807
  0.263721
  0.247748
  0.229729
  0.209307
   0.17827
 -0.303935
 -0.468579
