  0.383895
 -0.347449
 -0.402782
 -0.426987
 -0.443095
 -0.455997
 -0.467292
 -0.477657
  -0.48742
 -0.496751
 -0.505741
 -0.514437
 -0.522859
 -0.531015
 -0.538901
 -0.546507
 -0.553819
  -0.56082
  -0.56749
 -0.573806
 -0.579742
  -0.58527
 -0.590358
 -0.594971
 -0.599073
 -0.602622
 -0.605575
 -0.607885
 -0.609506
 -0.610387
 -0.610477
 -0.609725
 -0.608077
  -0.60548
 -0.601876
 -0.597205
 -0.591395
 -0.584363
 -0.575998
 -0.566144
 -0.554575
 -0.540942
 -0.524686
 -0.504886
 -0.479966
 -0.447141
 -0.401368
 -0.333555
 -0.229041
-0.0742135
  0.115747
     0.287
  0.395129
  0.446312
  0.465178
  0.468346
  0.464114
  0.456393
  0.447061
  0.437054
   0.42686
  0.416752
   0.40689
  0.397376
  0.388283
  0.379667
  0.371574
   0.36404
    0.3571
  0.350781
  0.345106
  0.340091
  0.335746
  0.332076
  0.329079
  0.326744
  0.325056
  0.323991
   0.32352
  0.323604
  0.324201
  0.325261
  0.326726
  0.328533
  0.330613
  0.332888
  0.335277
  0.337689
   0.34003
  0.342198
  0.344089
  0.345591
  0.346588
   0.34696
  0.346569
  0.345241
  0.342682
  0.338203
  0.329497
  0.301723
 -0.284957
-0.0989378
