   0.683913
  -0.392244
  -0.499817
  -0.543229
  -0.565962
  -0.579456
  -0.587941
  -0.593445
  -0.597065
  -0.599447
  -0.600984
  -0.601927
  -0.602436
  -0.602618
   -0.60254
  -0.602246
  -0.601762
  -0.601103
   -0.60027
  -0.599258
  -0.598055
   -0.59664
  -0.594984
  -0.593055
  -0.590809
    -0.5882
  -0.585169
  -0.581655
  -0.577586
  -0.572882
  -0.567453
  -0.561201
  -0.554013
  -0.545761
  -0.536297
  -0.525445
  -0.512989
  -0.498658
  -0.482102
  -0.462851
  -0.440256
  -0.413393
  -0.380902
  -0.340729
  -0.289676
  -0.222643
  -0.131467
-0.00373419
   0.175131
   0.404517
   0.636449
    0.79965
   0.857903
   0.849328
   0.816372
   0.778679
   0.742855
   0.710535
   0.681718
   0.655951
   0.632723
   0.611582
   0.592161
   0.574169
   0.557384
   0.541636
   0.526795
   0.512763
   0.499465
   0.486843
   0.474852
   0.463452
   0.452611
   0.442298
   0.432482
   0.423133
   0.414219
   0.405704
    0.39755
   0.389717
   0.382161
   0.374837
   0.367694
   0.360683
    0.35375
   0.346838
   0.339892
   0.332849
   0.325649
   0.318222
   0.310494
   0.302382
   0.293788
   0.284597
   0.274678
   0.263891
   0.252134
   0.239418
   0.226187
   0.206466
  -0.245125
  -0.438788
