  0.359726
 -0.278946
 -0.323711
 -0.341395
 -0.351744
 -0.358864
 -0.364151
 -0.368238
 -0.371461
 -0.374018
 -0.376037
 -0.377605
 -0.378784
 -0.379619
 -0.380145
 -0.380388
 -0.380365
 -0.380089
 -0.379569
 -0.378803
 -0.377788
 -0.376513
 -0.374959
 -0.373103
 -0.370909
 -0.368338
 -0.365338
 -0.361848
 -0.357795
 -0.353093
 -0.347642
 -0.341323
 -0.333995
 -0.325492
 -0.315611
 -0.304106
 -0.290668
 -0.274903
 -0.256301
 -0.234179
 -0.207608
 -0.175285
 -0.135339
-0.0850138
-0.0201562
 0.0655786
   0.18176
  0.341493
  0.556112
  0.810683
   1.03443
   1.15411
    1.1495
   1.08282
   1.00536
  0.935531
  0.876757
  0.827986
  0.787304
  0.752944
  0.723491
  0.697863
  0.675239
  0.655002
  0.636683
  0.619929
  0.604469
  0.590095
  0.576648
  0.564005
  0.552068
  0.540763
  0.530027
  0.519809
  0.510068
  0.500766
  0.491867
  0.483341
  0.475155
  0.467278
  0.459679
  0.452325
  0.445184
  0.438221
  0.431402
   0.42469
  0.418046
  0.411431
    0.4048
  0.398106
  0.391292
  0.384293
  0.377023
  0.369367
  0.361153
  0.352107
  0.341722
  0.328878
  0.310264
  0.268639
 -0.330819
-0.0289075
