  0.344606
 -0.273306
 -0.314915
 -0.331518
 -0.341548
 -0.348686
 -0.354177
 -0.358581
 -0.362194
 -0.365193
 -0.367689
 -0.369759
 -0.371458
 -0.372826
 -0.373891
 -0.374675
 -0.375195
  -0.37546
 -0.375476
 -0.375241
 -0.374751
 -0.373992
 -0.372947
  -0.37159
 -0.369888
 -0.367799
 -0.365273
 -0.362249
 -0.358654
 -0.354406
 -0.349403
 -0.343529
 -0.336646
 -0.328589
  -0.31916
 -0.308116
 -0.295153
 -0.279886
 -0.261811
 -0.240259
 -0.214315
 -0.182696
 -0.143561
-0.0941918
-0.0304906
 0.0538148
  0.168207
  0.325732
  0.537865
  0.790419
   1.01393
   1.13547
   1.13407
   1.07057
  0.995705
  0.927875
  0.870648
  0.823098
  0.783404
  0.749865
  0.721113
  0.696096
  0.674017
  0.654276
  0.636417
  0.620096
  0.605048
  0.591073
  0.578016
  0.565757
  0.554202
  0.543277
  0.532924
  0.523094
  0.513745
   0.50484
  0.496346
  0.488231
  0.480464
  0.473014
   0.46585
  0.458938
  0.452246
  0.445738
  0.439379
   0.43313
  0.426951
  0.420801
  0.414632
  0.408394
  0.402025
  0.395453
  0.388583
  0.381288
  0.373375
  0.364531
  0.354179
   0.34105
  0.321404
  0.276616
 -0.347245
0.00263821
