 0.326145
-0.267661
-0.305403
-0.320781
-0.330574
-0.337921
 -0.34387
 -0.34889
 -0.35323
-0.357039
-0.360413
-0.363417
-0.366097
-0.368491
-0.370623
-0.372514
 -0.37418
-0.375631
-0.376874
-0.377909
-0.378733
-0.379339
-0.379712
-0.379833
-0.379673
-0.379199
-0.378369
-0.377131
-0.375425
 -0.37318
-0.370312
-0.366721
-0.362294
-0.356891
 -0.35035
-0.342468
-0.332996
-0.321616
-0.307917
-0.291346
 -0.27115
-0.246266
-0.215158
-0.175536
 -0.12391
-0.054846
0.0400747
 0.172985
 0.356286
 0.582972
 0.797524
  0.93207
 0.959477
 0.926551
 0.877258
 0.829434
 0.787753
  0.75245
 0.722598
  0.69713
 0.675123
 0.655839
 0.638707
 0.623291
 0.609257
 0.596353
 0.584384
 0.573204
 0.562702
 0.552794
 0.543412
 0.534508
 0.526042
  0.51798
 0.510296
 0.502964
 0.495962
 0.489267
 0.482855
 0.476702
 0.470782
 0.465067
 0.459527
 0.454132
 0.448846
 0.443635
 0.438458
 0.433274
 0.428035
 0.422686
 0.417163
 0.411387
 0.405253
 0.398616
 0.391255
  0.38281
 0.372607
 0.359169
 0.338163
 0.289005
-0.370979
0.0448344
