  0.337848
 -0.271068
 -0.311258
 -0.327399
 -0.337323
 -0.344514
 -0.350146
 -0.354746
 -0.358594
 -0.361854
 -0.364633
 -0.367003
 -0.369014
 -0.370706
 -0.372104
 -0.373231
 -0.374102
 -0.374725
 -0.375106
 -0.375245
 -0.375135
 -0.374765
 -0.374118
 -0.373169
 -0.371886
  -0.37023
  -0.36815
  -0.36559
 -0.362478
 -0.358734
 -0.354261
 -0.348947
 -0.342658
 -0.335237
 -0.326492
 -0.316189
 -0.304038
 -0.289667
 -0.272596
 -0.252179
 -0.227539
 -0.197443
 -0.160116
 -0.112938
-0.0519462
 0.0289456
  0.138984
  0.291019
  0.496747
  0.743613
  0.965281
   1.08992
   1.09512
   1.03857
  0.969486
  0.906175
  0.852454
  0.807666
   0.77019
  0.738473
  0.711245
  0.687525
  0.666569
  0.647813
  0.630829
  0.615293
  0.600958
  0.587635
  0.575179
  0.563477
  0.552443
  0.542009
   0.53212
  0.522729
    0.5138
  0.505298
  0.497192
  0.489452
  0.482049
  0.474952
  0.468132
  0.461556
  0.455193
  0.449007
  0.442963
  0.437023
  0.431146
   0.42529
  0.419408
  0.413447
  0.407344
  0.401025
   0.39439
  0.387305
  0.379569
   0.37085
  0.360538
  0.347289
  0.327155
  0.280825
 -0.355523
 0.0176743
