  0.351936
 -0.275935
 -0.319077
 -0.336196
 -0.346366
 -0.353478
 -0.358851
 -0.363079
  -0.36648
  -0.36924
 -0.371478
 -0.373277
 -0.374694
 -0.375771
  -0.37654
 -0.377025
 -0.377243
 -0.377204
 -0.376915
 -0.376375
 -0.375578
 -0.374514
 -0.373162
 -0.371499
 -0.369489
 -0.367092
 -0.364256
 -0.360919
 -0.357008
 -0.352437
 -0.347105
 -0.340894
 -0.333662
 -0.325242
 -0.315432
 -0.303985
  -0.29059
 -0.274856
 -0.256268
 -0.234145
 -0.207553
 -0.175188
 -0.135174
-0.0847498
 -0.019752
 0.0661783
  0.182631
   0.34274
  0.557855
  0.812989
   1.03718
   1.15705
   1.15234
   1.08544
   1.00775
  0.937732
  0.878808
   0.82992
   0.78915
  0.754725
  0.725228
  0.699571
  0.676934
  0.656697
  0.638391
  0.621662
  0.606238
  0.591911
  0.578522
  0.565947
   0.55409
  0.542873
  0.532236
  0.522129
  0.512507
  0.503333
  0.494573
  0.486193
  0.478163
  0.470451
  0.463024
   0.45585
  0.448896
  0.442126
  0.435505
  0.428996
  0.422558
  0.416151
  0.409729
  0.403243
  0.396634
  0.389832
  0.382747
  0.375258
  0.367183
  0.358227
  0.347849
  0.334855
  0.315717
  0.272509
  -0.33893
-0.0130061
