  0.303076
 -0.261797
 -0.295452
  -0.30983
 -0.319786
 -0.327834
 -0.334804
 -0.341066
 -0.346821
 -0.352194
  -0.35727
 -0.362112
 -0.366767
 -0.371275
 -0.375669
 -0.379979
 -0.384231
 -0.388446
 -0.392647
 -0.396849
 -0.401068
 -0.405316
 -0.409602
 -0.413929
   -0.4183
 -0.422713
 -0.427161
 -0.431636
 -0.436122
 -0.440604
 -0.445061
 -0.449472
  -0.45381
 -0.458048
 -0.462158
 -0.466107
  -0.46986
 -0.473376
 -0.476603
 -0.479469
 -0.481864
 -0.483612
 -0.484407
 -0.483704
 -0.480481
 -0.472748
 -0.456503
 -0.423602
 -0.358535
 -0.240309
-0.0685164
  0.111029
  0.248528
  0.334804
  0.386061
  0.417221
  0.437053
  0.450267
  0.459407
  0.465893
   0.47055
   0.47388
    0.4762
  0.477721
   0.47859
  0.478916
  0.478783
  0.478259
  0.477403
  0.476266
  0.474895
  0.473329
  0.471606
  0.469757
   0.46781
  0.465788
  0.463711
   0.46159
  0.459437
  0.457254
  0.455041
  0.452793
  0.450501
  0.448151
  0.445723
  0.443197
  0.440543
  0.437728
  0.434714
  0.431451
  0.427878
  0.423914
  0.419451
  0.414329
  0.408303
  0.400964
  0.391537
  0.378315
  0.356311
  0.302792
 -0.395503
 0.0924263
