 0.299773
 -0.25949
 -0.29336
-0.308248
-0.318811
-0.327524
-0.335201
-0.342209
 -0.34875
 -0.35495
-0.360897
-0.366657
-0.372281
-0.377815
-0.383296
-0.388759
-0.394237
 -0.39976
-0.405355
-0.411048
-0.416864
-0.422825
-0.428951
 -0.43526
-0.441768
 -0.44849
-0.455438
-0.462625
 -0.47006
-0.477757
-0.485728
-0.493991
-0.502567
-0.511489
-0.520799
-0.530553
 -0.54083
-0.551735
-0.563406
-0.576022
-0.589815
-0.605074
-0.622146
-0.641403
-0.663131
-0.687173
-0.711896
 -0.73136
-0.728667
-0.668517
-0.521346
-0.320862
-0.127965
0.0191035
 0.121854
 0.193497
  0.24483
 0.282841
 0.311859
 0.334584
 0.352749
 0.367496
 0.379604
 0.389621
 0.397944
  0.40487
 0.410628
 0.415398
 0.419327
 0.422537
 0.425132
 0.427198
 0.428812
 0.430039
 0.430934
 0.431545
  0.43191
 0.432063
 0.432028
 0.431823
 0.431462
  0.43095
 0.430287
  0.42947
 0.428487
 0.427324
 0.425958
 0.424363
 0.422503
 0.420335
 0.417801
 0.414824
 0.411297
 0.407065
 0.401884
 0.395346
 0.386677
 0.374171
 0.352845
 0.300046
-0.393378
0.0936049
