  0.308877
  -0.26351
 -0.297953
 -0.312422
  -0.32221
 -0.329968
 -0.336571
  -0.34241
 -0.347694
 -0.352554
 -0.357075
 -0.361317
 -0.365328
 -0.369144
 -0.372794
 -0.376305
 -0.379697
 -0.382989
 -0.386195
 -0.389326
  -0.39239
 -0.395392
 -0.398331
 -0.401203
 -0.403999
 -0.406704
 -0.409299
  -0.41176
 -0.414054
 -0.416144
 -0.417988
 -0.419533
 -0.420722
 -0.421486
 -0.421745
 -0.421405
 -0.420351
 -0.418439
 -0.415482
 -0.411231
 -0.405337
 -0.397293
 -0.386336
 -0.371272
 -0.350158
 -0.319717
 -0.274292
 -0.204215
-0.0950551
  0.063913
  0.252376
  0.416131
  0.513528
  0.556086
  0.570374
  0.572466
  0.569651
  0.565006
  0.559798
  0.554533
  0.549392
  0.544418
  0.539602
  0.534916
  0.530328
  0.525814
  0.521356
  0.516943
   0.51257
   0.50824
  0.503955
  0.499725
  0.495556
  0.491458
  0.487439
  0.483502
  0.479653
  0.475891
  0.472213
  0.468612
   0.46508
  0.461601
   0.45816
  0.454735
  0.451303
  0.447834
  0.444297
  0.440655
  0.436865
  0.432874
  0.428619
  0.424018
  0.418962
  0.413293
   0.40677
  0.398991
  0.389199
  0.375731
   0.35372
  0.300811
 -0.391782
 0.0829046
