  0.348716
 -0.278034
 -0.323533
 -0.343801
 -0.357537
 -0.368494
 -0.377942
 -0.386455
 -0.394342
 -0.401791
 -0.408927
 -0.415839
 -0.422597
 -0.429255
 -0.435863
 -0.442463
 -0.449093
 -0.455789
 -0.462585
 -0.469514
 -0.476607
 -0.483894
 -0.491403
 -0.499162
 -0.507197
 -0.515536
 -0.524206
 -0.533236
 -0.542658
 -0.552509
 -0.562832
 -0.573679
  -0.58512
 -0.597238
 -0.610146
 -0.623987
 -0.638948
 -0.655276
 -0.673293
 -0.693421
 -0.716219
 -0.742423
    -0.773
 -0.809198
 -0.852543
 -0.904609
 -0.966002
  -1.03286
  -1.08698
  -1.07964
 -0.954144
 -0.733334
  -0.48861
 -0.285318
 -0.135504
-0.0273835
 0.0518545
  0.111403
  0.157305
  0.193492
  0.222565
  0.246284
  0.265874
  0.282207
  0.295923
  0.307502
  0.317312
  0.325644
  0.332729
  0.338759
  0.343889
  0.348252
   0.35196
  0.355106
   0.35777
   0.36002
  0.361912
  0.363493
  0.364799
  0.365861
  0.366699
  0.367328
  0.367756
  0.367986
  0.368015
  0.367834
  0.367428
  0.366779
   0.36586
  0.364639
   0.36307
  0.361097
  0.358638
  0.355576
   0.35173
  0.346799
  0.340218
  0.330736
  0.314663
  0.273533
 -0.345286
-0.0034302
