   0.36696
  -0.28865
 -0.337624
 -0.358962
 -0.372934
 -0.383768
 -0.392902
 -0.400984
 -0.408362
 -0.415246
 -0.421773
 -0.428042
 -0.434125
 -0.440083
 -0.445964
 -0.451813
 -0.457667
 -0.463562
 -0.469531
 -0.475604
  -0.48181
 -0.488175
 -0.494725
 -0.501482
 -0.508469
 -0.515707
 -0.523217
  -0.53102
 -0.539139
 -0.547601
 -0.556438
 -0.565688
 -0.575402
 -0.585647
 -0.596507
 -0.608097
 -0.620564
 -0.634105
 -0.648976
 -0.665513
 -0.684159
  -0.70549
 -0.730249
 -0.759366
 -0.793917
 -0.834843
 -0.881923
 -0.930509
  -0.96281
 -0.934938
 -0.800207
 -0.585839
 -0.359618
 -0.176942
-0.0447373
 0.0494393
  0.117747
  0.168623
   0.20751
   0.23791
  0.262118
  0.281677
  0.297655
   0.31081
  0.321698
  0.330734
  0.338238
  0.344462
  0.349609
  0.353844
  0.357305
  0.360109
  0.362352
  0.364119
  0.365479
  0.366491
  0.367205
  0.367662
  0.367892
  0.367922
  0.367768
  0.367442
  0.366949
  0.366291
  0.365462
  0.364453
  0.363249
  0.361833
   0.36018
  0.358259
  0.356031
  0.353444
  0.350427
  0.346877
  0.342639
  0.337451
  0.330829
  0.321688
  0.306805
  0.269134
 -0.328555
-0.0384043
