  0.316589
 -0.262531
 -0.301237
 -0.318798
 -0.331249
 -0.341523
 -0.350601
 -0.358929
 -0.366749
 -0.374211
 -0.381419
  -0.38845
 -0.395363
 -0.402209
 -0.409034
 -0.415878
 -0.422778
 -0.429771
  -0.43689
 -0.444171
 -0.451643
  -0.45934
  -0.46729
 -0.475525
 -0.484073
 -0.492964
 -0.502228
 -0.511897
 -0.522006
 -0.532594
 -0.543709
 -0.555408
 -0.567761
 -0.580858
 -0.594817
 -0.609785
 -0.625958
  -0.64359
 -0.663016
 -0.684674
 -0.709144
 -0.737194
 -0.769834
 -0.808378
 -0.854446
 -0.909749
  -0.97508
  -1.04678
  -1.10662
  -1.10495
 -0.982856
 -0.761793
  -0.51368
 -0.306011
 -0.152099
-0.0404493
 0.0417976
  0.103944
  0.152129
  0.190358
  0.221284
  0.246704
  0.267869
  0.285671
  0.300763
  0.313636
  0.324666
  0.334149
  0.342323
  0.349382
  0.355486
  0.360772
  0.365353
  0.369326
  0.372775
  0.375769
  0.378367
  0.380618
  0.382562
  0.384229
  0.385644
  0.386821
  0.387771
  0.388495
  0.388991
   0.38925
  0.389255
  0.388986
  0.388413
  0.387497
  0.386186
  0.384413
   0.38208
  0.379045
  0.375089
   0.36984
  0.362602
  0.351838
  0.333057
   0.28529
 -0.373898
 0.0573083
