  0.390559
 -0.293557
 -0.344812
  -0.36499
 -0.376424
 -0.384019
 -0.389464
 -0.393526
 -0.396614
 -0.398974
 -0.400763
  -0.40209
 -0.403035
 -0.403655
 -0.403998
 -0.404099
 -0.403986
  -0.40368
 -0.403197
 -0.402545
 -0.401728
 -0.400743
  -0.39958
 -0.398224
  -0.39665
 -0.394827
 -0.392715
 -0.390266
  -0.38742
 -0.384109
  -0.38025
 -0.375747
 -0.370486
 -0.364333
 -0.357126
 -0.348668
 -0.338713
 -0.326952
  -0.31298
 -0.296259
 -0.276051
 -0.251317
 -0.220556
 -0.181532
 -0.130828
-0.0631279
 0.0298233
  0.159955
  0.339565
  0.562148
  0.773637
  0.907215
  0.935797
  0.904837
  0.857377
  0.811003
  0.770399
  0.735867
  0.706541
  0.681404
  0.659568
  0.640321
  0.623111
  0.607515
  0.593209
  0.579946
  0.567539
  0.555845
  0.544756
  0.534188
  0.524079
  0.514378
  0.505048
  0.496057
  0.487379
  0.478991
   0.47087
  0.462997
   0.45535
  0.447907
  0.440644
  0.433539
  0.426565
  0.419696
  0.412904
   0.40616
  0.399432
  0.392687
  0.385891
  0.379004
  0.371982
  0.364771
  0.357305
  0.349495
  0.341208
  0.332236
  0.322195
  0.310231
  0.293775
  0.257894
 -0.304356
-0.0862026
