  0.401035
 -0.300534
 -0.354182
 -0.375462
 -0.387574
 -0.395681
 -0.401561
 -0.406023
 -0.409499
 -0.412248
 -0.414436
 -0.416181
 -0.417566
 -0.418656
 -0.419501
 -0.420142
 -0.420611
 -0.420933
 -0.421129
 -0.421213
 -0.421192
 -0.421071
 -0.420846
 -0.420507
 -0.420039
  -0.41942
  -0.41862
 -0.417601
 -0.416318
 -0.414718
 -0.412735
 -0.410296
 -0.407314
 -0.403685
 -0.399287
 -0.393973
 -0.387562
 -0.379823
  -0.37046
 -0.359074
 -0.345117
 -0.327811
 -0.306016
 -0.278003
 -0.241079
 -0.190928
 -0.120573
-0.0192166
   0.12642
  0.318119
  0.518146
  0.665831
  0.727219
   0.73137
  0.713315
  0.689889
  0.667035
    0.6464
  0.628152
  0.612014
  0.597618
  0.584619
  0.572729
  0.561717
  0.551401
  0.541643
  0.532337
  0.523405
  0.514788
  0.506443
  0.498341
  0.490459
   0.48278
  0.475293
  0.467987
  0.460852
  0.453879
  0.447057
  0.440375
  0.433818
  0.427371
  0.421017
  0.414735
  0.408506
  0.402306
   0.39611
  0.389892
  0.383623
  0.377273
  0.370806
  0.364184
  0.357359
  0.350272
   0.34284
  0.334948
  0.326407
  0.316872
  0.305574
  0.290164
  0.256374
 -0.296825
  -0.10421
