  0.396924
 -0.304492
 -0.358564
 -0.380966
 -0.394557
 -0.404362
 -0.412099
 -0.418551
 -0.424131
  -0.42909
 -0.433589
 -0.437741
 -0.441631
 -0.445324
 -0.448872
  -0.45232
 -0.455707
 -0.459065
 -0.462422
 -0.465804
 -0.469231
 -0.472722
  -0.47629
 -0.479945
 -0.483695
 -0.487542
 -0.491488
  -0.49553
 -0.499663
 -0.503881
 -0.508177
 -0.512544
 -0.516976
 -0.521473
 -0.526035
 -0.530672
   -0.5354
 -0.540242
 -0.545235
  -0.55042
 -0.555841
 -0.561532
  -0.56748
 -0.573546
 -0.579289
 -0.583526
 -0.583296
  -0.57141
 -0.531724
 -0.436986
 -0.274297
-0.0847681
 0.0768576
  0.188891
  0.261369
  0.308657
  0.340521
  0.362735
  0.378659
  0.390299
  0.398895
   0.40524
  0.409863
  0.413129
  0.415301
  0.416573
  0.417097
  0.416992
  0.416358
  0.415278
  0.413823
  0.412053
  0.410021
  0.407773
  0.405346
  0.402773
  0.400081
  0.397288
  0.394411
  0.391459
  0.388436
  0.385345
  0.382181
  0.378937
  0.375602
  0.372163
  0.368603
  0.364902
  0.361035
  0.356976
  0.352689
  0.348131
  0.343246
  0.337954
  0.332137
  0.325601
  0.317987
  0.308485
  0.294624
  0.261674
  -0.30148
-0.0954437
