  0.40136
-0.305903
-0.360583
-0.382984
-0.396342
  -0.4058
-0.413122
 -0.41911
 -0.42419
-0.428619
-0.432563
-0.436137
-0.439427
-0.442499
-0.445408
-0.448196
-0.450902
-0.453558
 -0.45619
-0.458823
-0.461473
-0.464158
-0.466886
-0.469665
-0.472498
-0.475382
-0.478311
-0.481277
-0.484267
-0.487264
-0.490249
-0.493204
-0.496104
-0.498929
-0.501654
-0.504257
-0.506714
-0.508999
-0.511077
-0.512903
-0.514402
-0.515442
-0.515781
 -0.51496
-0.512081
-0.505326
-0.490914
-0.460913
-0.399727
-0.285198
-0.114641
0.0667984
 0.208473
 0.298912
 0.353225
 0.386305
 0.407163
 0.420749
 0.429785
  0.43582
  0.43977
 0.442199
 0.443473
 0.443836
 0.443461
 0.442476
 0.440981
 0.439056
 0.436768
 0.434175
 0.431327
 0.428268
 0.425038
  0.42167
 0.418193
  0.41463
 0.411001
  0.40732
 0.403596
 0.399834
 0.396037
   0.3922
 0.388318
 0.384381
 0.380376
 0.376288
 0.372097
 0.367784
 0.363323
 0.358685
 0.353838
 0.348737
 0.343327
 0.337533
 0.331239
 0.324262
 0.316259
 0.306459
   0.2925
 0.259996
-0.297637
-0.103723
