   0.331702
  -0.269201
  -0.308101
  -0.323834
  -0.333681
  -0.340943
  -0.346731
   -0.35154
  -0.355633
  -0.359166
   -0.36224
  -0.364925
  -0.367267
  -0.369304
  -0.371062
  -0.372562
  -0.373818
   -0.37484
  -0.375634
    -0.3762
  -0.376533
  -0.376622
  -0.376452
     -0.376
  -0.375236
  -0.374123
  -0.372614
  -0.370654
  -0.368178
  -0.365107
  -0.361352
  -0.356806
  -0.351343
  -0.344814
  -0.337039
  -0.327799
  -0.316821
  -0.303758
  -0.288157
  -0.269414
  -0.246706
  -0.218874
  -0.184245
  -0.140343
 -0.0834094
-0.00764016
  0.0958549
   0.239619
   0.435661
   0.673842
   0.892517
    1.02155
    1.03644
   0.990177
   0.929699
   0.873115
   0.824622
   0.783952
   0.749785
    0.72078
   0.695819
   0.674027
   0.654733
    0.63743
   0.621732
   0.607344
   0.594043
   0.581658
    0.57006
   0.559148
   0.548844
   0.539089
   0.529832
   0.521036
   0.512666
   0.504692
   0.497087
   0.489823
   0.482875
   0.476213
   0.469811
   0.463637
    0.45766
   0.451848
   0.446164
   0.440572
   0.435032
     0.4295
    0.42393
   0.418267
   0.412448
   0.406396
   0.400008
   0.393143
   0.385592
   0.377006
   0.366744
   0.353392
     0.3328
   0.285001
  -0.363517
   0.031815
