  0.501005
  -0.32295
 -0.405837
 -0.442424
 -0.464228
 -0.479167
 -0.490064
 -0.498245
 -0.504437
 -0.509085
 -0.512475
 -0.514805
 -0.516209
 -0.516782
 -0.516585
 -0.515659
 -0.514023
 -0.511681
 -0.508625
  -0.50483
 -0.500264
  -0.49488
 -0.488621
 -0.481418
 -0.473189
 -0.463842
 -0.453268
 -0.441348
 -0.427943
 -0.412897
 -0.396033
 -0.377145
 -0.355995
 -0.332301
 -0.305724
 -0.275849
 -0.242156
 -0.203982
 -0.160461
 -0.110436
-0.0523363
 0.0160295
 0.0977733
  0.197407
  0.321571
  0.480048
  0.686717
  0.958206
   1.30123
   1.66914
   1.93044
   1.99008
   1.85579
   1.65105
   1.45648
   1.29318
   1.15996
   1.05091
  0.960374
  0.883956
  0.818394
  0.761314
  0.710978
  0.666107
  0.625749
  0.589185
  0.555868
  0.525377
  0.497381
  0.471618
  0.447875
  0.425979
  0.405782
  0.387159
  0.369997
  0.354199
  0.339673
  0.326335
  0.314107
  0.302915
  0.292688
  0.283359
  0.274864
  0.267139
  0.260125
  0.253763
  0.247996
  0.242767
  0.238018
  0.233689
  0.229718
  0.226034
   0.22256
  0.219202
   0.21585
  0.212368
  0.208604
  0.204372
  0.199412
  0.187031
 -0.205096
 -0.295909
