  0.326147
 -0.267662
 -0.305405
 -0.320782
 -0.330576
 -0.337922
 -0.343872
 -0.348892
 -0.353232
 -0.357041
 -0.360415
 -0.363418
 -0.366099
 -0.368493
 -0.370625
 -0.372516
 -0.374182
 -0.375633
 -0.376876
 -0.377911
 -0.378735
 -0.379341
 -0.379715
 -0.379835
 -0.379675
 -0.379201
 -0.378371
 -0.377133
 -0.375427
 -0.373182
 -0.370314
 -0.366723
 -0.362296
 -0.356893
 -0.350352
  -0.34247
 -0.332998
 -0.321618
 -0.307919
 -0.291348
 -0.271152
 -0.246268
 -0.215159
 -0.175538
 -0.123911
-0.0548471
 0.0400739
  0.172985
  0.356286
  0.582974
  0.797527
  0.932074
  0.959481
  0.926555
  0.877262
  0.829438
  0.787756
  0.752453
  0.722601
  0.697133
  0.675126
  0.655842
   0.63871
  0.623294
   0.60926
  0.596355
  0.584386
  0.573207
  0.562705
  0.552796
  0.543415
  0.534511
  0.526044
  0.517983
  0.510298
  0.502967
  0.495965
   0.48927
  0.482858
  0.476704
  0.470784
  0.465069
   0.45953
  0.454134
  0.448849
  0.443637
  0.438461
  0.433276
  0.428037
  0.422688
  0.417165
  0.411389
  0.405255
  0.398618
  0.391257
  0.382812
  0.372609
  0.359171
  0.338165
  0.289006
 -0.370981
 0.0448344
