  0.308879
 -0.263511
 -0.297955
 -0.312423
 -0.322212
  -0.32997
 -0.336573
 -0.342411
 -0.347696
 -0.352556
 -0.357077
 -0.361319
  -0.36533
 -0.369146
 -0.372796
 -0.376307
 -0.379699
 -0.382991
 -0.386197
 -0.389328
 -0.392392
 -0.395394
 -0.398333
 -0.401205
 -0.404001
 -0.406706
 -0.409302
 -0.411762
 -0.414056
 -0.416147
  -0.41799
 -0.419536
 -0.420725
 -0.421488
 -0.421748
 -0.421408
 -0.420353
 -0.418441
 -0.415484
 -0.411233
 -0.405339
 -0.397295
 -0.386338
 -0.371274
  -0.35016
  -0.31972
 -0.274294
 -0.204217
-0.0950565
 0.0639122
  0.252376
  0.416132
   0.51353
  0.556088
  0.570377
  0.572468
  0.569654
  0.565008
  0.559801
  0.554535
  0.549394
   0.54442
  0.539605
  0.534918
  0.530331
  0.525817
  0.521359
  0.516945
  0.512573
  0.508242
  0.503957
  0.499727
  0.495558
  0.491461
  0.487441
  0.483505
  0.479655
  0.475893
  0.472215
  0.468615
  0.465082
  0.461604
  0.458162
  0.454738
  0.451305
  0.447836
  0.444299
  0.440657
  0.436867
  0.432876
  0.428621
   0.42402
  0.418964
  0.413295
  0.406772
  0.398993
  0.389201
  0.375733
  0.353721
  0.300813
 -0.391784
 0.0829046
