  0.303078
 -0.261798
 -0.295454
 -0.309832
 -0.319788
 -0.327836
 -0.334806
 -0.341068
 -0.346823
 -0.352196
 -0.357272
 -0.362114
 -0.366769
 -0.371277
 -0.375671
 -0.379981
 -0.384233
 -0.388449
 -0.392649
 -0.396851
 -0.401071
 -0.405319
 -0.409604
 -0.413931
 -0.418303
 -0.422715
 -0.427164
 -0.431638
 -0.436124
 -0.440606
 -0.445064
 -0.449474
 -0.453812
 -0.458051
  -0.46216
 -0.466109
 -0.469863
 -0.473379
 -0.476606
 -0.479472
 -0.481867
 -0.483614
  -0.48441
 -0.483707
 -0.480484
 -0.472751
 -0.456506
 -0.423605
 -0.358538
 -0.240311
-0.0685176
  0.111029
  0.248529
  0.334805
  0.386062
  0.417223
  0.437055
  0.450269
  0.459409
  0.465895
  0.470552
  0.473882
  0.476202
  0.477723
  0.478592
  0.478918
  0.478785
  0.478261
  0.477405
  0.476269
  0.474897
  0.473331
  0.471608
  0.469759
  0.467812
   0.46579
  0.463713
  0.461593
  0.459439
  0.457256
  0.455043
  0.452795
  0.450503
  0.448153
  0.445725
  0.443199
  0.440545
   0.43773
  0.434716
  0.431453
   0.42788
  0.423916
  0.419453
  0.414331
  0.408305
  0.400966
  0.391539
  0.378317
  0.356313
  0.302794
 -0.395504
 0.0924263
