  0.305704
 -0.262656
 -0.296625
 -0.311011
 -0.320864
 -0.328755
 -0.335534
 -0.341579
 -0.347096
  -0.35221
 -0.357007
 -0.361549
 -0.365882
 -0.370045
 -0.374069
 -0.377981
 -0.381805
 -0.385561
 -0.389267
 -0.392938
 -0.396583
 -0.400212
 -0.403829
 -0.407433
 -0.411022
 -0.414587
 -0.418114
 -0.421587
 -0.424983
 -0.428276
 -0.431433
 -0.434417
 -0.437187
 -0.439694
 -0.441884
 -0.443694
 -0.445048
 -0.445853
 -0.445991
 -0.445298
 -0.443546
 -0.440392
 -0.435301
 -0.427401
 -0.415205
 -0.396079
 -0.365184
 -0.313607
 -0.226369
-0.0876195
 0.0926449
  0.264372
  0.381823
  0.446207
  0.478943
  0.495537
  0.504022
  0.508289
  0.510244
  0.510846
  0.510599
  0.509774
  0.508525
  0.506943
  0.505084
  0.502992
  0.500697
   0.49823
  0.495618
  0.492886
  0.490059
  0.487163
  0.484218
  0.481245
  0.478263
  0.475284
  0.472321
   0.46938
  0.466464
  0.463572
  0.460698
  0.457835
  0.454967
  0.452078
  0.449146
  0.446147
  0.443049
  0.439819
  0.436414
  0.432784
  0.428866
  0.424579
  0.419814
  0.414413
  0.408131
   0.40056
  0.390936
  0.377566
  0.355512
  0.302186
 -0.394208
 0.0885044
