  0.310771
 -0.260638
 -0.297949
 -0.314838
 -0.326875
 -0.336843
 -0.345672
 -0.353781
   -0.3614
 -0.368674
 -0.375702
 -0.382557
 -0.389297
 -0.395973
 -0.402628
 -0.409303
 -0.416033
 -0.422855
 -0.429803
 -0.436909
 -0.444205
  -0.45172
 -0.459486
 -0.467529
  -0.47588
 -0.484565
 -0.493613
 -0.503053
  -0.51292
 -0.523249
 -0.534083
 -0.545476
 -0.557493
 -0.570217
 -0.583757
  -0.59825
  -0.61388
 -0.630883
 -0.649572
 -0.670355
 -0.693774
 -0.720543
 -0.751598
 -0.788147
 -0.831662
 -0.883646
 -0.944626
  -1.01069
  -1.06376
  -1.05579
 -0.931084
 -0.712415
 -0.470451
 -0.269458
 -0.121131
-0.0138032
 0.0651443
  0.124751
   0.17095
    0.2076
   0.23725
  0.261625
   0.28192
  0.298989
  0.313457
  0.325791
  0.336352
  0.345422
   0.35323
  0.359959
  0.365766
   0.37078
  0.375111
  0.378853
  0.382086
  0.384877
  0.387284
  0.389354
  0.391124
  0.392626
   0.39388
  0.394903
  0.395703
  0.396281
  0.396634
  0.396752
  0.396619
  0.396213
  0.395502
  0.394448
  0.392997
  0.391079
  0.388594
  0.385397
  0.381261
  0.375801
    0.3683
  0.357168
  0.337768
  0.288648
 -0.379269
 0.0684981
