  0.460117
 -0.299082
 -0.372909
  -0.40794
 -0.431025
 -0.448481
 -0.462506
 -0.474109
 -0.483833
 -0.492006
 -0.498844
 -0.504495
 -0.509065
 -0.512629
 -0.515237
 -0.516923
 -0.517704
 -0.517585
 -0.516557
 -0.514599
 -0.511678
  -0.50775
 -0.502759
 -0.496635
 -0.489297
 -0.480651
 -0.470588
 -0.458982
 -0.445693
  -0.43056
 -0.413396
  -0.39399
 -0.372093
 -0.347409
 -0.319585
 -0.288184
 -0.252661
 -0.212317
 -0.166241
 -0.113213
-0.0515738
 0.0209888
  0.107762
  0.213514
  0.345255
  0.513317
  0.732335
    1.0198
   1.38257
   1.77089
   2.04538
   2.10595
   1.96153
   1.74311
   1.53595
    1.3622
   1.22049
   1.10451
   1.00824
  0.927006
  0.857344
  0.796737
  0.743346
  0.695818
  0.653143
  0.614564
  0.579502
  0.547513
  0.518248
  0.491431
  0.466837
  0.444283
  0.423613
  0.404693
  0.387406
  0.371646
  0.357317
  0.344327
  0.332593
  0.322035
  0.312574
  0.304138
  0.296655
  0.290054
  0.284269
  0.279231
  0.274875
  0.271133
  0.267935
  0.265208
  0.262873
  0.260839
  0.258998
  0.257214
  0.255304
  0.253006
  0.249906
  0.245225
  0.236995
   0.21284
 -0.282846
 -0.177271
