  0.331281
 -0.268812
  -0.31076
 -0.329717
  -0.34292
 -0.353673
  -0.36309
 -0.371674
 -0.379698
 -0.387331
 -0.394686
 -0.401844
  -0.40887
 -0.415819
 -0.422735
  -0.42966
 -0.436634
 -0.443692
  -0.45087
   -0.4582
 -0.465715
 -0.473446
 -0.481424
 -0.489679
 -0.498241
 -0.507138
 -0.516403
 -0.526067
 -0.536166
 -0.546741
 -0.557842
 -0.569528
 -0.581872
 -0.594969
 -0.608941
 -0.623942
 -0.640178
 -0.657913
 -0.677495
 -0.699384
 -0.724183
 -0.752696
  -0.78598
 -0.825413
 -0.872708
 -0.929703
 -0.997353
  -1.07214
  -1.13571
   -1.1374
  -1.01634
 -0.793362
  -0.54125
 -0.329475
 -0.172272
-0.0581913
 0.0258089
 0.0892143
  0.138302
  0.177175
  0.208556
  0.234292
  0.255668
  0.273603
  0.288769
  0.301672
  0.312699
  0.322156
  0.330287
  0.337292
  0.343335
  0.348554
  0.353068
  0.356975
  0.360358
   0.36329
  0.365829
  0.368026
   0.36992
  0.371542
  0.372916
  0.374058
  0.374978
  0.375678
  0.376157
  0.376405
  0.376408
  0.376145
  0.375589
  0.374704
  0.373441
  0.371737
  0.369501
  0.366603
   0.36284
  0.357871
  0.351061
  0.340999
  0.323559
  0.278926
 -0.360895
 0.0296139
