   0.33977
 -0.273124
 -0.316833
 -0.336467
 -0.349971
 -0.360865
 -0.370341
 -0.378934
 -0.386937
 -0.394526
 -0.401821
 -0.408906
  -0.41585
 -0.422705
  -0.42952
 -0.436337
 -0.443194
 -0.450127
 -0.457171
 -0.464359
 -0.471723
 -0.479294
 -0.487101
 -0.495173
 -0.503539
 -0.512228
  -0.52127
 -0.530695
 -0.540538
 -0.550838
 -0.561643
 -0.573011
 -0.585012
 -0.597738
 -0.611309
 -0.625874
 -0.641635
 -0.658849
 -0.677858
 -0.699108
 -0.723191
 -0.750887
 -0.783227
 -0.821548
 -0.867504
 -0.922848
 -0.988426
   -1.0606
  -1.12107
  -1.11977
 -0.997142
 -0.774721
 -0.524878
 -0.315777
 -0.160943
-0.0488043
  0.033619
 0.0957255
  0.143722
  0.181659
  0.212224
  0.237235
   0.25796
  0.275304
  0.289929
  0.302332
  0.312897
  0.321923
  0.329652
  0.336279
  0.341968
  0.346854
  0.351054
  0.354664
  0.357767
  0.360432
   0.36272
  0.364677
  0.366343
  0.367748
  0.368915
   0.36986
  0.370591
  0.371112
   0.37142
  0.371506
  0.371356
   0.37095
  0.370261
  0.369255
  0.367885
   0.36609
  0.363785
  0.360845
  0.357078
  0.352163
  0.345496
  0.335746
  0.318998
  0.276092
 -0.353352
 0.0135819
