  0.366961
 -0.288651
 -0.337625
 -0.358963
 -0.372936
  -0.38377
 -0.392904
 -0.400986
 -0.408364
 -0.415248
 -0.421775
 -0.428044
 -0.434127
 -0.440085
 -0.445966
 -0.451815
 -0.457669
 -0.463564
 -0.469533
 -0.475606
 -0.481812
 -0.488177
 -0.494727
 -0.501484
 -0.508471
 -0.515709
 -0.523219
 -0.531022
 -0.539142
 -0.547604
  -0.55644
  -0.56569
 -0.575405
  -0.58565
  -0.59651
   -0.6081
 -0.620567
 -0.634108
 -0.648979
 -0.665516
 -0.684163
 -0.705493
 -0.730252
  -0.75937
 -0.793921
 -0.834847
 -0.881927
 -0.930513
 -0.962815
 -0.934943
 -0.800211
 -0.585843
  -0.35962
 -0.176943
-0.0447378
 0.0494393
  0.117748
  0.168623
  0.207511
  0.237911
  0.262119
  0.281678
  0.297656
  0.310812
  0.321699
  0.330735
  0.338239
  0.344463
   0.34961
  0.353846
  0.357307
  0.360111
  0.362354
   0.36412
   0.36548
  0.366493
  0.367207
  0.367663
  0.367894
  0.367923
  0.367769
  0.367443
  0.366951
  0.366293
  0.365463
  0.364454
  0.363251
  0.361835
  0.360182
  0.358261
  0.356033
  0.353446
  0.350429
  0.346879
  0.342641
  0.337453
   0.33083
  0.321689
  0.306806
  0.269135
 -0.328557
-0.0384044
