   0.39056
 -0.293558
 -0.344814
 -0.364992
 -0.376425
  -0.38402
 -0.389465
 -0.393527
 -0.396616
 -0.398976
 -0.400765
 -0.402092
 -0.403036
 -0.403657
    -0.404
 -0.404101
 -0.403988
 -0.403682
 -0.403199
 -0.402547
  -0.40173
 -0.400745
 -0.399582
 -0.398226
 -0.396651
 -0.394828
 -0.392717
 -0.390267
 -0.387422
 -0.384111
 -0.380252
 -0.375749
 -0.370488
 -0.364335
 -0.357128
  -0.34867
 -0.338715
 -0.326954
 -0.312982
 -0.296261
 -0.276052
 -0.251319
 -0.220558
 -0.181533
 -0.130829
-0.0631289
 0.0298225
  0.159954
  0.339565
  0.562149
  0.773639
  0.907218
    0.9358
   0.90484
  0.857379
  0.811006
  0.770402
   0.73587
  0.706543
  0.681406
   0.65957
  0.640324
  0.623114
  0.607517
  0.593211
  0.579948
  0.567541
  0.555848
  0.544758
  0.534191
  0.524081
   0.51438
   0.50505
  0.496059
  0.487381
  0.478993
  0.470872
  0.462999
  0.455352
  0.447909
  0.440646
  0.433541
  0.426567
  0.419698
  0.412906
  0.406162
  0.399433
  0.392689
  0.385893
  0.379006
  0.371983
  0.364773
  0.357307
  0.349496
   0.34121
  0.332238
  0.322196
  0.310233
  0.293777
  0.257895
 -0.304358
-0.0862025
