 0.404945
-0.305183
-0.360045
-0.382101
-0.394881
-0.403634
-0.410164
-0.415293
 -0.41946
-0.422926
-0.425862
-0.428387
-0.430586
-0.432527
-0.434263
-0.435836
-0.437283
-0.438633
-0.439909
-0.441131
-0.442312
-0.443462
-0.444584
-0.445676
-0.446733
-0.447742
-0.448684
-0.449537
 -0.45027
-0.450847
-0.451228
-0.451362
-0.451196
-0.450664
-0.449693
-0.448194
-0.446063
-0.443168
 -0.43934
-0.434351
 -0.42788
-0.419464
-0.408395
-0.393561
-0.373134
-0.344007
-0.300743
-0.233922
-0.129112
0.0253769
   0.2114
 0.375736
 0.476261
 0.522376
 0.539483
 0.543498
 0.541866
  0.53784
 0.532831
 0.527448
 0.521946
 0.516422
 0.510904
 0.505392
 0.499876
 0.494347
   0.4888
 0.483231
 0.477644
 0.472044
 0.466441
 0.460845
 0.455265
 0.449713
 0.444196
 0.438722
 0.433295
 0.427916
 0.422584
 0.417296
 0.412042
 0.406815
 0.401599
 0.396381
 0.391143
 0.385865
 0.380524
 0.375096
 0.369555
 0.363868
 0.358001
  0.35191
 0.345538
  0.33881
 0.331616
 0.323775
 0.314959
 0.304427
  0.28991
 0.257332
-0.294364
-0.110581
