 0.404082
-0.306111
 -0.36106
-0.383346
 -0.39643
-0.405533
-0.412448
 -0.41799
-0.422593
-0.426518
-0.429933
-0.432957
-0.435677
-0.438158
-0.440454
 -0.44261
-0.444661
-0.446639
 -0.44857
-0.450473
-0.452367
-0.454262
-0.456167
-0.458083
-0.460008
-0.461937
-0.463855
-0.465748
-0.467594
-0.469367
-0.471036
-0.472568
-0.473923
-0.475057
-0.475923
-0.476465
-0.476617
-0.476301
-0.475416
-0.473824
-0.471326
-0.467625
-0.462246
-0.454401
-0.442726
-0.424756
-0.395879
-0.347412
-0.264336
-0.129724
 0.048671
 0.221633
 0.342761
 0.411035
 0.446733
 0.465265
 0.474863
 0.479629
  0.48163
 0.481944
 0.481156
 0.479597
 0.477464
 0.474877
  0.47192
 0.468651
 0.465116
 0.461355
 0.457403
 0.453291
  0.44905
 0.444706
 0.440283
 0.435805
 0.431289
  0.42675
 0.422202
  0.41765
   0.4131
 0.408553
 0.404004
 0.399448
 0.394875
 0.390273
 0.385626
 0.380917
 0.376126
  0.37123
 0.366203
 0.361017
 0.355635
 0.350015
 0.344103
 0.337822
 0.331062
 0.323642
 0.315231
 0.305081
 0.290896
 0.258511
-0.295261
-0.108821
