  0.375836
 -0.285936
 -0.334059
 -0.352979
 -0.363803
 -0.371066
 -0.376319
 -0.380267
 -0.383286
 -0.385599
  -0.38735
 -0.388637
 -0.389531
 -0.390084
 -0.390337
  -0.39032
 -0.390056
 -0.389562
 -0.388849
  -0.38792
 -0.386775
 -0.385405
 -0.383796
 -0.381927
 -0.379766
 -0.377277
 -0.374413
 -0.371115
 -0.367317
 -0.362937
 -0.357881
 -0.352038
 -0.345274
 -0.337435
 -0.328329
 -0.317727
 -0.305338
 -0.290797
 -0.273626
 -0.253189
 -0.228615
 -0.198687
  -0.16165
 -0.114913
-0.0545604
 0.0254259
  0.134192
  0.284458
  0.487846
  0.732071
  0.951669
    1.0755
   1.08125
   1.02581
  0.957825
  0.895416
  0.842397
  0.798139
  0.761054
  0.729614
  0.702568
   0.67895
  0.658024
  0.639234
  0.622157
  0.606472
  0.591936
  0.578359
    0.5656
  0.553547
  0.542114
  0.531234
  0.520852
  0.510924
  0.501411
  0.492283
  0.483507
  0.475056
  0.466902
  0.459016
  0.451371
  0.443936
  0.436682
  0.429578
  0.422591
  0.415689
  0.408834
  0.401992
  0.395122
   0.38818
  0.381116
   0.37387
  0.366367
  0.358505
  0.350135
  0.341015
  0.330707
  0.318235
  0.300693
  0.262118
 -0.316051
-0.0597854
