  0.396499
 -0.297227
 -0.349802
 -0.370563
 -0.382332
 -0.390163
 -0.395795
 -0.400021
 -0.403264
 -0.405774
 -0.407717
 -0.409205
  -0.41032
 -0.411124
 -0.411666
 -0.411984
 -0.412109
 -0.412063
 -0.411864
 -0.411524
 -0.411049
 -0.410439
 -0.409687
  -0.40878
 -0.407699
 -0.406416
 -0.404897
 -0.403097
 -0.400965
 -0.398438
 -0.395443
 -0.391894
 -0.387689
 -0.382708
 -0.376808
 -0.369816
 -0.361516
 -0.351635
 -0.339819
 -0.325595
 -0.308314
  -0.28706
 -0.260498
 -0.226632
 -0.182382
 -0.122899
-0.0405277
 0.0761338
  0.239844
  0.447978
  0.654111
    0.7943
  0.838245
  0.823725
  0.790034
  0.754407
  0.722117
  0.694095
  0.669959
  0.649038
  0.630688
  0.614368
   0.59965
  0.586199
  0.573759
  0.562134
  0.551174
  0.540767
  0.530828
  0.521292
  0.512111
  0.503249
  0.494678
  0.486376
  0.478323
  0.470502
  0.462899
  0.455496
  0.448277
  0.441224
  0.434317
  0.427536
  0.420858
  0.414258
  0.407713
  0.401193
  0.394671
  0.388116
  0.381495
  0.374771
  0.367902
  0.360839
  0.353518
  0.345854
  0.337724
   0.32893
  0.319112
  0.307463
   0.29154
  0.256796
 -0.300012
-0.0964871
