  0.367785
 -0.282305
 -0.328748
 -0.347036
 -0.357604
 -0.364772
 -0.370017
 -0.374007
 -0.377099
 -0.379502
 -0.381354
 -0.382747
 -0.383747
 -0.384404
 -0.384753
 -0.384824
 -0.384636
 -0.384205
 -0.383539
  -0.38264
 -0.381506
 -0.380126
 -0.378484
 -0.376556
 -0.374311
 -0.371708
 -0.368697
  -0.36522
 -0.361204
 -0.356567
 -0.351208
 -0.345013
 -0.337843
 -0.329536
 -0.319893
 -0.308674
 -0.295575
 -0.280213
 -0.262089
 -0.240537
 -0.214646
 -0.183145
 -0.144202
-0.0951194
-0.0318259
 0.0519081
  0.165502
  0.321925
  0.532599
  0.783501
    1.0057
   1.12671
   1.12562
    1.0628
  0.988598
  0.921328
  0.864542
  0.817329
  0.777889
  0.744535
  0.715909
  0.690969
  0.668923
  0.649174
   0.63127
   0.61487
  0.599709
  0.585589
  0.572355
  0.559888
  0.548095
  0.536903
  0.526252
  0.516096
  0.506391
  0.497103
  0.488199
  0.479648
  0.471419
  0.463482
  0.455808
  0.448365
  0.441122
  0.434045
    0.4271
  0.420253
  0.413467
  0.406703
  0.399918
  0.393068
  0.386099
  0.378947
  0.371533
  0.363748
  0.355432
  0.346327
  0.335961
   0.32329
  0.305209
  0.265138
 -0.323131
-0.0446544
