  0.321136
 -0.266394
 -0.303113
 -0.318185
 -0.327946
 -0.335385
 -0.341497
 -0.346727
 -0.351311
 -0.355392
 -0.359062
 -0.362384
 -0.365404
 -0.368157
  -0.37067
 -0.372963
 -0.375054
 -0.376953
 -0.378669
 -0.380204
 -0.381558
 -0.382725
 -0.383694
 -0.384447
 -0.384961
 -0.385207
 -0.385146
 -0.384733
 -0.383914
 -0.382623
 -0.380787
 -0.378316
 -0.375106
 -0.371035
 -0.365956
  -0.35969
 -0.352016
 -0.342653
 -0.331236
 -0.317277
 -0.300107
  -0.27878
 -0.251922
 -0.217473
 -0.172265
 -0.111317
-0.0267815
 0.0929686
  0.260788
  0.473437
  0.682799
  0.823799
  0.866164
  0.849263
  0.813431
  0.776161
  0.742691
  0.713864
  0.689216
  0.668015
  0.649571
  0.633312
  0.618785
  0.605641
  0.593609
  0.582484
  0.572111
  0.562372
  0.553178
  0.544462
  0.536173
  0.528275
  0.520736
  0.513533
  0.506646
  0.500057
  0.493748
  0.487701
  0.481897
  0.476315
  0.470932
  0.465725
  0.460665
  0.455723
  0.450867
  0.446063
  0.441272
  0.436453
  0.431559
  0.426535
  0.421318
  0.415825
  0.409951
  0.403545
   0.39638
  0.388082
  0.377953
  0.364454
  0.343086
  0.292711
 -0.377698
 0.0565621
