  0.359729
 -0.278949
 -0.323714
 -0.341398
 -0.351748
 -0.358867
 -0.364155
 -0.368242
 -0.371464
 -0.374021
  -0.37604
 -0.377608
 -0.378787
 -0.379623
 -0.380149
 -0.380391
 -0.380368
 -0.380093
 -0.379572
 -0.378807
 -0.377792
 -0.376517
 -0.374963
 -0.373106
 -0.370913
 -0.368342
 -0.365342
 -0.361851
 -0.357798
 -0.353097
 -0.347646
 -0.341326
 -0.333999
 -0.325495
 -0.315615
  -0.30411
 -0.290671
 -0.274906
 -0.256304
 -0.234182
 -0.207611
 -0.175288
 -0.135342
-0.0850159
-0.0201579
 0.0655774
  0.181759
  0.341493
  0.556114
  0.810687
   1.03443
   1.15411
   1.14951
   1.08283
   1.00537
  0.935539
  0.876764
  0.827993
   0.78731
   0.75295
  0.723497
  0.697869
  0.675245
  0.655007
  0.636689
  0.619935
  0.604475
  0.590101
  0.576654
   0.56401
  0.552074
  0.540768
  0.530031
  0.519814
  0.510073
   0.50077
  0.491872
  0.483345
  0.475159
  0.467282
  0.459683
  0.452329
  0.445188
  0.438226
  0.431406
  0.424694
   0.41805
  0.411435
  0.404804
   0.39811
  0.391296
  0.384297
  0.377027
   0.36937
  0.361157
  0.352111
  0.341725
  0.328881
  0.310267
  0.268642
 -0.330822
-0.0289073
