  0.382069
 -0.289479
 -0.346609
 -0.375635
 -0.396966
  -0.41471
 -0.430184
 -0.443935
 -0.456234
 -0.467236
 -0.477039
 -0.485711
 -0.493301
 -0.499846
 -0.505372
 -0.509896
 -0.513425
  -0.51596
 -0.517489
 -0.517995
 -0.517447
 -0.515806
 -0.513022
 -0.509032
 -0.503762
 -0.497123
 -0.489016
 -0.479322
 -0.467909
 -0.454624
 -0.439291
 -0.421708
 -0.401639
 -0.378802
 -0.352858
 -0.323392
 -0.289883
 -0.251662
 -0.207857
 -0.157299
-0.0983952
-0.0289225
 0.0542875
   0.15584
  0.282534
   0.44443
  0.655895
  0.934406
   1.28796
   1.67082
   1.94961
   2.02424
   1.89862
   1.69733
    1.5035
   1.33976
   1.20563
   1.09553
   1.00393
  0.926515
  0.860045
  0.802167
  0.751155
  0.705736
  0.664965
  0.628128
  0.594686
   0.56422
  0.536407
  0.510987
  0.487753
  0.466535
  0.447187
  0.429588
  0.413627
  0.399205
  0.386234
  0.374627
  0.364306
  0.355193
  0.347216
  0.340303
  0.334384
  0.329391
  0.325257
  0.321915
    0.3193
  0.317341
  0.315969
  0.315106
   0.31467
  0.314561
  0.314657
  0.314798
  0.314753
  0.314164
  0.312397
  0.308137
   0.29771
  0.262875
 -0.349219
  -0.03285
