  0.300679
 -0.259075
 -0.293457
 -0.308712
 -0.319586
 -0.328587
 -0.336545
 -0.343833
 -0.350656
 -0.357144
 -0.363387
 -0.369451
 -0.375391
 -0.381252
 -0.387074
 -0.392894
 -0.398745
  -0.40466
 -0.410667
 -0.416796
 -0.423074
 -0.429524
  -0.43617
 -0.443035
 -0.450138
 -0.457498
 -0.465134
 -0.473062
   -0.4813
 -0.489869
 -0.498792
 -0.508096
 -0.517818
 -0.528006
 -0.538722
  -0.55005
   -0.5621
 -0.575018
 -0.588996
 -0.604288
  -0.62122
 -0.640216
 -0.661808
 -0.686632
 -0.715346
 -0.748316
 -0.784588
  -0.81886
  -0.83386
 -0.790256
 -0.650223
 -0.443997
 -0.235569
-0.0714068
 0.0458195
  0.128827
  0.188982
  0.233919
  0.268469
  0.295698
  0.317595
  0.335485
  0.350279
  0.362619
  0.372975
  0.381697
  0.389054
  0.395259
  0.400486
  0.404874
  0.408545
  0.411599
  0.414122
  0.416188
  0.417862
  0.419197
  0.420238
  0.421023
   0.42158
  0.421933
  0.422096
   0.42208
  0.421886
  0.421514
  0.420954
  0.420193
  0.419211
  0.417984
  0.416476
  0.414645
  0.412436
  0.409772
  0.406547
  0.402609
  0.397717
  0.391464
  0.383086
  0.370893
  0.349951
  0.297797
 -0.390958
 0.0902792
