 0.299776
-0.259493
-0.293363
-0.308251
-0.318815
-0.327527
-0.335204
-0.342212
-0.348753
-0.354954
-0.360901
 -0.36666
-0.372285
-0.377818
-0.383299
-0.388763
-0.394241
-0.399764
-0.405359
-0.411052
-0.416868
-0.422829
-0.428955
-0.435264
-0.441772
-0.448494
-0.455443
-0.462629
-0.470065
-0.477761
-0.485732
-0.493995
-0.502572
-0.511494
-0.520804
-0.530558
-0.540836
-0.551741
-0.563411
-0.576027
 -0.58982
 -0.60508
-0.622151
-0.641409
-0.663138
-0.687179
-0.711903
-0.731367
-0.728674
-0.668524
-0.521352
-0.320866
-0.127967
0.0191028
 0.121854
 0.193498
 0.244831
 0.282843
 0.311861
 0.334587
 0.352752
 0.367499
 0.379607
 0.389624
 0.397948
 0.404874
 0.410631
 0.415401
  0.41933
 0.422541
 0.425135
 0.427202
 0.428816
 0.430042
 0.430937
 0.431548
 0.431913
 0.432066
 0.432031
 0.431827
 0.431465
 0.430953
 0.430291
 0.429473
 0.428491
 0.427327
 0.425961
 0.424366
 0.422506
 0.420338
 0.417804
 0.414827
   0.4113
 0.407068
 0.401887
 0.395349
  0.38668
 0.374174
 0.352847
 0.300048
-0.393381
0.0936048
