   0.30112
  -0.26095
 -0.294473
 -0.308926
 -0.319031
 -0.327267
 -0.334448
 -0.340941
 -0.346946
 -0.352585
 -0.357946
 -0.363091
 -0.368069
 -0.372921
 -0.377683
 -0.382387
 -0.387059
 -0.391725
 -0.396409
 -0.401131
 -0.405908
 -0.410758
 -0.415691
 -0.420719
 -0.425848
 -0.431081
 -0.436419
 -0.441859
 -0.447398
 -0.453028
 -0.458741
 -0.464529
 -0.470382
 -0.476294
 -0.482261
 -0.488281
 -0.494361
 -0.500508
 -0.506738
 -0.513066
 -0.519502
 -0.526033
  -0.53258
  -0.53892
 -0.544487
 -0.547931
 -0.546078
 -0.531545
 -0.488324
 -0.390384
 -0.227094
-0.0400537
  0.116999
  0.224688
  0.294076
  0.339496
  0.370431
  0.392395
  0.408556
  0.420785
  0.430226
  0.437604
  0.443399
   0.44794
  0.451461
  0.454137
  0.456102
  0.457465
  0.458314
  0.458727
  0.458768
  0.458495
  0.457959
  0.457203
  0.456264
  0.455175
  0.453961
  0.452643
  0.451235
  0.449747
  0.448183
  0.446541
  0.444816
  0.442997
  0.441069
  0.439012
    0.4368
  0.434402
   0.43178
  0.428887
  0.425663
  0.422028
  0.417874
  0.413043
  0.407289
  0.400201
  0.391001
  0.377975
  0.356112
  0.302621
  -0.39574
 0.0946203
