  0.302784
 -0.259033
 -0.294163
 -0.309882
 -0.321113
 -0.330427
 -0.338679
 -0.346252
 -0.353358
  -0.36013
 -0.366659
 -0.373016
 -0.379255
 -0.385424
 -0.391564
 -0.397712
 -0.403905
 -0.410174
 -0.416553
  -0.42307
 -0.429756
 -0.436636
 -0.443738
 -0.451085
 -0.458702
  -0.46661
 -0.474833
 -0.483393
 -0.492313
 -0.501622
 -0.511349
 -0.521533
 -0.532223
  -0.54348
 -0.555384
 -0.568042
 -0.581593
 -0.596219
 -0.612161
 -0.629733
  -0.64935
 -0.671551
 -0.697031
 -0.726654
 -0.761407
 -0.802114
 -0.848415
 -0.895568
 -0.925978
 -0.896802
 -0.763006
   -0.5518
 -0.329858
 -0.150826
-0.0210189
 0.0718498
  0.139646
  0.190566
  0.229885
  0.260985
  0.286081
  0.306657
  0.323739
  0.338054
  0.350133
  0.360373
  0.369082
  0.376498
  0.382818
    0.3882
  0.392777
  0.396663
  0.399953
   0.40273
  0.405064
  0.407014
  0.408631
  0.409955
  0.411021
  0.411853
  0.412469
  0.412883
  0.413099
  0.413116
  0.412929
  0.412525
  0.411886
  0.410987
  0.409797
  0.408273
   0.40636
  0.403985
  0.401043
  0.397382
  0.392767
  0.386796
  0.378715
  0.366861
  0.346373
  0.295052
 -0.387788
  0.085004
