  0.331282
 -0.268813
 -0.310761
 -0.329719
 -0.342922
 -0.353674
 -0.363091
 -0.371675
   -0.3797
 -0.387333
 -0.394687
 -0.401845
 -0.408872
  -0.41582
 -0.422736
 -0.429662
 -0.436636
 -0.443694
 -0.450871
 -0.458201
 -0.465716
 -0.473448
 -0.481426
 -0.489681
 -0.498243
  -0.50714
 -0.516405
 -0.526069
 -0.536168
 -0.546744
 -0.557844
  -0.56953
 -0.581874
 -0.594972
 -0.608943
 -0.623945
  -0.64018
 -0.657915
 -0.677498
 -0.699386
 -0.724186
 -0.752699
 -0.785983
 -0.825416
 -0.872711
 -0.929707
 -0.997357
  -1.07214
  -1.13571
  -1.13741
  -1.01634
 -0.793365
 -0.541253
 -0.329476
 -0.172273
-0.0581918
 0.0258088
 0.0892144
  0.138302
  0.177176
  0.208557
  0.234293
  0.255669
  0.273604
   0.28877
  0.301673
    0.3127
  0.322157
  0.330288
  0.337293
  0.343336
  0.348556
  0.353069
  0.356976
  0.360359
  0.363291
  0.365831
  0.368027
  0.369921
  0.371543
  0.372917
  0.374059
  0.374979
   0.37568
  0.376158
  0.376406
  0.376409
  0.376147
  0.375591
  0.374705
  0.373443
  0.371738
  0.369502
  0.366604
  0.362841
  0.357873
  0.351062
     0.341
  0.323561
  0.278927
 -0.360896
 0.0296138
