  0.390989
 -0.301902
 -0.355056
 -0.377347
 -0.391124
 -0.401254
 -0.409398
 -0.416311
 -0.422393
 -0.427885
 -0.432943
 -0.437678
 -0.442172
 -0.446488
 -0.450679
 -0.454789
 -0.458856
 -0.462915
 -0.466994
  -0.47112
 -0.475316
 -0.479604
 -0.483999
 -0.488516
 -0.493166
 -0.497957
 -0.502896
 -0.507987
 -0.513232
 -0.518636
 -0.524202
 -0.529937
 -0.535851
 -0.541962
 -0.548295
  -0.55489
 -0.561801
 -0.569101
 -0.576891
 -0.585295
 -0.594475
 -0.604618
  -0.61593
  -0.62858
 -0.642561
 -0.657301
 -0.670621
  -0.67605
 -0.656942
 -0.581214
 -0.426237
 -0.229214
-0.0487369
 0.0837793
   0.17352
  0.234326
  0.276673
  0.307112
   0.32961
  0.346607
  0.359648
  0.369745
  0.377583
   0.38364
  0.388263
  0.391713
  0.394188
  0.395848
   0.39682
  0.397213
  0.397116
  0.396606
  0.395749
  0.394601
   0.39321
  0.391615
   0.38985
  0.387941
  0.385907
  0.383762
  0.381516
  0.379171
  0.376728
  0.374182
  0.371523
   0.36874
  0.365816
  0.362734
  0.359468
  0.355991
  0.352269
  0.348256
  0.343893
  0.339098
  0.333744
  0.327626
  0.320359
  0.311082
  0.297177
  0.263459
 -0.306701
-0.0842884
