  0.383818
 -0.298248
 -0.350214
 -0.372285
 -0.386193
 -0.396613
 -0.405137
 -0.412488
 -0.419051
 -0.425056
 -0.430654
 -0.435952
 -0.441028
 -0.445946
 -0.450756
 -0.455502
 -0.460223
 -0.464954
 -0.469725
 -0.474564
 -0.479496
 -0.484544
 -0.489728
 -0.495065
 -0.500571
 -0.506258
 -0.512138
 -0.518223
 -0.524521
 -0.531046
 -0.537811
 -0.544835
 -0.552144
 -0.559772
  -0.56777
 -0.576203
  -0.58516
 -0.594762
 -0.605167
  -0.61658
 -0.629266
  -0.64356
 -0.659868
 -0.678644
 -0.700286
 -0.724787
 -0.750699
 -0.772224
  -0.77227
 -0.714304
 -0.566687
 -0.362945
 -0.165172
-0.0137788
 0.0919035
  0.165214
  0.217271
   0.25534
  0.283945
  0.305926
  0.323111
   0.33671
  0.347554
  0.356227
  0.363153
  0.368652
  0.372968
  0.376294
  0.378788
  0.380579
  0.381774
  0.382465
  0.382731
  0.382637
  0.382239
  0.381585
  0.380713
  0.379655
  0.378436
  0.377073
  0.375578
  0.373959
  0.372217
  0.370349
  0.368348
  0.366203
  0.363899
  0.361418
  0.358735
  0.355823
  0.352646
  0.349156
  0.345292
  0.340965
   0.33604
  0.330295
  0.323317
  0.314179
  0.300084
  0.265295
 -0.313125
-0.0706931
