 0.404946
-0.305184
-0.360046
-0.382103
-0.394882
-0.403635
-0.410165
-0.415294
-0.419461
-0.422928
-0.425864
-0.428388
-0.430587
-0.432528
-0.434264
-0.435838
-0.437285
-0.438634
-0.439911
-0.441133
-0.442314
-0.443463
-0.444585
-0.445678
-0.446735
-0.447743
-0.448686
-0.449538
-0.450271
-0.450849
-0.451229
-0.451364
-0.451198
-0.450666
-0.449694
-0.448196
-0.446065
 -0.44317
-0.439342
-0.434352
-0.427882
-0.419465
-0.408397
-0.393563
-0.373136
-0.344008
-0.300745
-0.233923
-0.129114
 0.025376
   0.2114
 0.375737
 0.476262
 0.522377
 0.539484
 0.543499
 0.541867
 0.537841
 0.532832
 0.527449
 0.521947
 0.516423
 0.510905
 0.505393
 0.499878
 0.494349
 0.488801
 0.483232
 0.477645
 0.472046
 0.466443
 0.460846
 0.455267
 0.449714
 0.444198
 0.438724
 0.433296
 0.427918
 0.422586
 0.417297
 0.412044
 0.406816
 0.401601
 0.396383
 0.391145
 0.385866
 0.380525
 0.375098
 0.369556
  0.36387
 0.358002
 0.351911
 0.345539
 0.338812
 0.331617
 0.323776
  0.31496
 0.304428
 0.289911
 0.257333
-0.294365
-0.110581
