  0.390561
 -0.293559
 -0.344815
 -0.364993
 -0.376426
 -0.384022
 -0.389466
 -0.393528
 -0.396617
 -0.398977
 -0.400766
 -0.402093
 -0.403038
 -0.403658
 -0.404001
 -0.404102
 -0.403989
 -0.403683
   -0.4032
 -0.402548
 -0.401731
 -0.400746
 -0.399584
 -0.398227
 -0.396653
  -0.39483
 -0.392718
 -0.390269
 -0.387423
 -0.384112
 -0.380253
  -0.37575
  -0.37049
 -0.364337
 -0.357129
 -0.348671
 -0.338716
 -0.326955
 -0.312983
 -0.296262
 -0.276054
  -0.25132
 -0.220559
 -0.181534
  -0.13083
-0.0631298
 0.0298218
  0.159954
  0.339565
   0.56215
   0.77364
   0.90722
  0.935802
  0.904842
  0.857382
  0.811008
  0.770404
  0.735872
  0.706546
  0.681408
  0.659572
  0.640325
  0.623116
  0.607519
  0.593213
   0.57995
  0.567543
  0.555849
   0.54476
  0.534192
  0.524083
  0.514382
  0.505052
  0.496061
  0.487383
  0.478994
  0.470874
  0.463001
  0.455354
   0.44791
  0.440648
  0.433543
  0.426569
    0.4197
  0.412908
  0.406163
  0.399435
   0.39269
  0.385894
  0.379007
  0.371985
  0.364774
  0.357308
  0.349498
  0.341211
  0.332239
  0.322198
  0.310234
  0.293778
  0.257896
 -0.304359
-0.0862024
