 0.404083
-0.306112
-0.361061
-0.383347
-0.396432
-0.405535
 -0.41245
-0.417991
-0.422594
-0.426519
-0.429935
-0.432959
-0.435678
-0.438159
-0.440455
-0.442611
-0.444663
-0.446641
-0.448571
-0.450475
-0.452369
-0.454264
-0.456168
-0.458084
 -0.46001
-0.461938
-0.463857
 -0.46575
-0.467596
-0.469369
-0.471038
 -0.47257
-0.473924
-0.475059
-0.475925
-0.476466
-0.476619
-0.476303
-0.475418
-0.473825
-0.471328
-0.467627
-0.462247
-0.454403
-0.442728
-0.424758
-0.395881
-0.347414
-0.264337
-0.129725
0.0486702
 0.221633
 0.342761
 0.411036
 0.446734
 0.465266
 0.474864
  0.47963
 0.481631
 0.481945
 0.481158
 0.479599
 0.477465
 0.474879
 0.471921
 0.468652
 0.465118
 0.461357
 0.457405
 0.453293
 0.449051
 0.444707
 0.440285
 0.435806
  0.43129
 0.426752
 0.422203
 0.417652
 0.413102
 0.408554
 0.404005
 0.399449
 0.394876
 0.390274
 0.385627
 0.380919
 0.376127
 0.371231
 0.366205
 0.361018
 0.355636
 0.350017
 0.344104
 0.337824
 0.331063
 0.323643
 0.315232
 0.305082
 0.290897
 0.258512
-0.295262
-0.108821
