  0.396926
 -0.304494
 -0.358566
 -0.380969
  -0.39456
 -0.404365
 -0.412102
 -0.418554
 -0.424134
 -0.429093
 -0.433592
 -0.437744
 -0.441634
 -0.445327
 -0.448875
 -0.452324
 -0.455711
 -0.459068
 -0.462426
 -0.465808
 -0.469235
 -0.472726
 -0.476293
 -0.479949
 -0.483698
 -0.487546
 -0.491492
 -0.495534
 -0.499667
 -0.503885
 -0.508181
 -0.512548
 -0.516981
 -0.521477
  -0.52604
 -0.530677
 -0.535404
 -0.540247
  -0.54524
 -0.550425
 -0.555846
 -0.561537
 -0.567485
 -0.573551
 -0.579294
 -0.583532
 -0.583302
 -0.571415
  -0.53173
 -0.436991
 -0.274301
-0.0847704
 0.0768568
  0.188891
   0.26137
  0.308659
  0.340524
  0.362737
  0.378661
  0.390302
  0.398898
  0.405243
  0.409866
  0.413132
  0.415304
  0.416576
    0.4171
  0.416995
  0.416362
  0.415282
  0.413826
  0.412056
  0.410024
  0.407776
  0.405349
  0.402777
  0.400084
  0.397291
  0.394414
  0.391462
   0.38844
  0.385348
  0.382184
   0.37894
  0.375605
  0.372166
  0.368606
  0.364905
  0.361039
  0.356979
  0.352692
  0.348134
  0.343249
  0.337957
   0.33214
  0.325604
   0.31799
  0.308487
  0.294626
  0.261676
 -0.301483
-0.0954436
