  0.401038
 -0.300536
 -0.354184
 -0.375464
 -0.387576
 -0.395684
 -0.401564
 -0.406026
 -0.409502
 -0.412251
 -0.414439
 -0.416184
 -0.417569
 -0.418659
 -0.419504
 -0.420145
 -0.420614
 -0.420937
 -0.421132
 -0.421216
 -0.421196
 -0.421074
 -0.420849
  -0.42051
 -0.420043
 -0.419424
 -0.418623
 -0.417605
 -0.416322
 -0.414721
 -0.412739
   -0.4103
 -0.407317
 -0.403688
  -0.39929
 -0.393977
 -0.387565
 -0.379827
 -0.370463
 -0.359077
 -0.345121
 -0.327815
 -0.306019
 -0.278006
 -0.241082
  -0.19093
 -0.120575
-0.0192186
  0.126419
  0.318119
  0.518147
  0.665833
  0.727223
  0.731374
  0.713319
  0.689893
   0.66704
  0.646404
  0.628156
  0.612018
  0.597622
  0.584623
  0.572733
  0.561721
  0.551405
  0.541647
  0.532341
  0.523408
  0.514791
  0.506447
  0.498345
  0.490462
  0.482784
  0.475297
   0.46799
  0.460855
  0.453882
  0.447061
  0.440378
  0.433821
  0.427374
   0.42102
  0.414739
  0.408509
  0.402309
  0.396113
  0.389895
  0.383626
  0.377276
   0.37081
  0.364188
  0.357362
  0.350275
  0.342843
  0.334951
  0.326409
  0.316875
  0.305576
  0.290167
  0.256376
 -0.296828
  -0.10421
