   0.35973
 -0.278949
 -0.323715
 -0.341399
 -0.351749
 -0.358868
 -0.364156
 -0.368243
 -0.371466
 -0.374023
 -0.376042
  -0.37761
 -0.378789
 -0.379624
  -0.38015
 -0.380392
  -0.38037
 -0.380094
 -0.379573
 -0.378808
 -0.377793
 -0.376518
 -0.374964
 -0.373108
 -0.370914
 -0.368343
 -0.365343
 -0.361853
   -0.3578
 -0.353098
 -0.347647
 -0.341328
    -0.334
 -0.325497
 -0.315616
 -0.304111
 -0.290672
 -0.274907
 -0.256305
 -0.234183
 -0.207612
 -0.175289
 -0.135343
-0.0850168
-0.0201586
 0.0655769
  0.181759
  0.341493
  0.556114
  0.810688
   1.03444
   1.15412
   1.14951
   1.08283
   1.00537
  0.935541
  0.876766
  0.827995
  0.787312
  0.752952
    0.7235
  0.697871
  0.675247
  0.655009
  0.636691
  0.619937
  0.604476
  0.590103
  0.576656
  0.564012
  0.552075
   0.54077
  0.530033
  0.519816
  0.510075
  0.500772
  0.491874
  0.483347
  0.475161
  0.467284
  0.459685
  0.452331
   0.44519
  0.438227
  0.431408
  0.424696
  0.418052
  0.411436
  0.404805
  0.398111
  0.391298
  0.384298
  0.377028
  0.369372
  0.361158
  0.352112
  0.341726
  0.328882
  0.310268
  0.268643
 -0.330823
-0.0289073
