   0.31661
 -0.265326
 -0.301153
 -0.315971
 -0.325719
 -0.333255
 -0.339529
 -0.344964
 -0.349787
 -0.354133
 -0.358093
 -0.361727
 -0.365083
 -0.368194
 -0.371089
 -0.373789
 -0.376311
 -0.378671
 -0.380876
 -0.382933
 -0.384843
 -0.386604
 -0.388207
 -0.389639
 -0.390881
 -0.391909
 -0.392689
 -0.393183
 -0.393342
 -0.393112
 -0.392425
 -0.391206
 -0.389364
 -0.386793
 -0.383366
 -0.378931
 -0.373298
 -0.366229
 -0.357413
 -0.346435
 -0.332722
 -0.315464
 -0.293472
 -0.264951
 -0.227104
 -0.175468
  -0.10286
0.00175953
  0.151746
  0.348149
  0.551342
  0.699513
  0.758853
  0.760216
  0.739755
  0.714546
  0.690467
  0.669045
  0.650352
  0.634032
  0.619664
  0.606864
  0.595315
  0.584765
  0.575018
  0.565924
  0.557369
  0.549269
  0.541559
  0.534195
  0.527142
  0.520377
  0.513881
  0.507642
  0.501646
  0.495883
  0.490341
  0.485009
  0.479872
  0.474914
  0.470116
  0.465456
   0.46091
  0.456452
  0.452052
  0.447677
   0.44329
  0.438852
  0.434315
  0.429627
  0.424722
  0.419519
   0.41391
  0.407741
   0.40078
   0.39264
    0.3826
  0.369071
  0.347409
  0.295989
 -0.383483
 0.0668728
