   0.30068
 -0.259076
 -0.293458
 -0.308713
 -0.319587
 -0.328588
 -0.336546
 -0.343834
 -0.350657
 -0.357146
 -0.363388
 -0.369453
 -0.375393
 -0.381253
 -0.387076
 -0.392895
 -0.398747
 -0.404661
 -0.410669
 -0.416798
 -0.423075
 -0.429525
 -0.436172
 -0.443037
  -0.45014
   -0.4575
 -0.465135
 -0.473063
 -0.481302
 -0.489871
 -0.498793
 -0.508098
  -0.51782
 -0.528008
 -0.538724
 -0.550052
 -0.562102
  -0.57502
 -0.588998
  -0.60429
 -0.621222
 -0.640219
 -0.661811
 -0.686635
 -0.715349
 -0.748318
 -0.784591
 -0.818863
 -0.833863
 -0.790259
 -0.650226
 -0.443999
  -0.23557
-0.0714074
 0.0458194
  0.128827
  0.188982
  0.233919
   0.26847
  0.295699
  0.317596
  0.335486
   0.35028
   0.36262
  0.372976
  0.381698
  0.389055
   0.39526
  0.400487
  0.404876
  0.408546
    0.4116
  0.414123
  0.416189
  0.417863
  0.419198
  0.420239
  0.421024
  0.421581
  0.421934
  0.422097
  0.422081
  0.421887
  0.421515
  0.420955
  0.420194
  0.419213
  0.417985
  0.416477
  0.414647
  0.412437
  0.409773
  0.406549
   0.40261
  0.397718
  0.391465
  0.383087
  0.370894
  0.349952
  0.297798
 -0.390959
 0.0902792
