  0.308882
 -0.263513
 -0.297957
 -0.312426
 -0.322214
 -0.329972
 -0.336575
 -0.342414
 -0.347699
 -0.352559
  -0.35708
 -0.361322
 -0.365333
 -0.369149
 -0.372799
  -0.37631
 -0.379702
 -0.382994
   -0.3862
 -0.389331
 -0.392396
 -0.395397
 -0.398336
 -0.401208
 -0.404004
  -0.40671
 -0.409305
 -0.411765
 -0.414059
  -0.41615
 -0.417993
 -0.419539
 -0.420728
 -0.421492
 -0.421751
 -0.421411
 -0.420357
 -0.418444
 -0.415488
 -0.411237
 -0.405342
 -0.397298
 -0.386342
 -0.371278
 -0.350164
 -0.319723
 -0.274297
  -0.20422
-0.0950591
 0.0639105
  0.252376
  0.416133
  0.513532
   0.55609
  0.570379
  0.572471
  0.569657
  0.565012
  0.559804
  0.554539
  0.549397
  0.544424
  0.539608
  0.534921
  0.530334
   0.52582
  0.521362
  0.516949
  0.512576
  0.508245
  0.503961
   0.49973
  0.495562
  0.491464
  0.487444
  0.483508
  0.479659
  0.475896
  0.472218
  0.468618
  0.465085
  0.461607
  0.458165
  0.454741
  0.451308
  0.447839
  0.444302
   0.44066
   0.43687
  0.432878
  0.428623
  0.424023
  0.418967
  0.413298
  0.406775
  0.398995
  0.389204
  0.375736
  0.353724
  0.300815
 -0.391786
 0.0829046
