 0.303081
  -0.2618
-0.295456
-0.309835
 -0.31979
-0.327839
-0.334809
-0.341071
-0.346826
-0.352199
-0.357275
-0.362117
-0.366772
 -0.37128
-0.375674
-0.379984
-0.384236
-0.388452
-0.392652
-0.396854
-0.401074
-0.405322
-0.409607
-0.413935
-0.418306
-0.422719
-0.427167
-0.431641
-0.436128
 -0.44061
-0.445067
-0.449478
-0.453816
-0.458054
-0.462164
-0.466113
-0.469866
-0.473383
 -0.47661
-0.479476
-0.481871
-0.483618
-0.484414
-0.483711
-0.480488
-0.472755
-0.456511
-0.423609
-0.358542
-0.240314
 -0.06852
 0.111028
 0.248529
 0.334806
 0.386064
 0.417225
 0.437057
 0.450272
 0.459412
 0.465897
 0.470555
 0.473885
 0.476205
 0.477726
 0.478595
 0.478921
 0.478788
 0.478264
 0.477408
 0.476272
   0.4749
 0.473334
 0.471611
 0.469762
 0.467815
 0.465794
 0.463716
 0.461596
 0.459442
 0.457259
 0.455046
 0.452798
 0.450506
 0.448156
 0.445728
 0.443201
 0.440547
 0.437733
 0.434719
 0.431456
 0.427883
 0.423919
 0.419455
 0.414333
 0.408308
 0.400968
 0.391541
 0.378319
 0.356315
 0.302796
-0.395507
0.0924263
