  0.310774
  -0.26064
 -0.297951
 -0.314841
 -0.326878
 -0.336846
 -0.345674
 -0.353783
 -0.361403
 -0.368677
 -0.375705
  -0.38256
   -0.3893
 -0.395976
 -0.402632
 -0.409306
 -0.416036
 -0.422859
 -0.429806
 -0.436912
 -0.444208
 -0.451724
 -0.459489
 -0.467533
 -0.475883
 -0.484568
 -0.493616
 -0.503057
 -0.512924
 -0.523253
 -0.534087
  -0.54548
 -0.557497
 -0.570221
 -0.583761
 -0.598255
 -0.613885
 -0.630888
 -0.649576
  -0.67036
 -0.693779
 -0.720548
 -0.751604
 -0.788153
 -0.831668
 -0.883653
 -0.944633
   -1.0107
  -1.06377
   -1.0558
 -0.931092
 -0.712421
 -0.470455
 -0.269461
 -0.121133
-0.0138038
 0.0651443
  0.124751
   0.17095
  0.207601
  0.237252
  0.261626
  0.281922
  0.298991
  0.313459
  0.325793
  0.336354
  0.345425
  0.353232
  0.359962
  0.365769
  0.370783
  0.375114
  0.378856
  0.382088
   0.38488
  0.387287
  0.389356
  0.391127
  0.392628
  0.393883
  0.394906
  0.395705
  0.396284
  0.396637
  0.396755
  0.396622
  0.396215
  0.395505
   0.39445
  0.392999
  0.391082
  0.388597
    0.3854
  0.381263
  0.375804
  0.368303
  0.357171
   0.33777
   0.28865
 -0.379272
  0.068498
