  0.323487
 -0.265258
 -0.305524
 -0.323783
 -0.336629
  -0.34717
  -0.35645
 -0.364942
 -0.372902
 -0.380489
 -0.387811
 -0.394947
  -0.40196
 -0.408902
 -0.415818
  -0.42275
 -0.429735
  -0.43681
  -0.44401
 -0.451368
 -0.458918
 -0.466689
 -0.474714
 -0.483021
 -0.491642
 -0.500606
 -0.509944
 -0.519689
 -0.529877
 -0.540548
 -0.551753
  -0.56355
 -0.576012
 -0.589235
 -0.603337
 -0.618475
  -0.63485
 -0.652726
  -0.67245
 -0.694477
 -0.719409
 -0.748042
 -0.781429
 -0.820939
 -0.868273
 -0.925257
 -0.992826
  -1.06745
  -1.13081
  -1.13239
  -1.01151
 -0.788997
 -0.537472
  -0.32618
 -0.169288
-0.0553722
 0.0285698
   0.09199
  0.141143
  0.180116
   0.21162
  0.237496
  0.259021
  0.277112
  0.292437
  0.305498
  0.316684
  0.326295
  0.334577
  0.341727
  0.347911
  0.353265
  0.357907
  0.361936
  0.365435
  0.368477
   0.37112
  0.373415
  0.375401
  0.377111
  0.378567
  0.379786
  0.380777
  0.381545
  0.382085
  0.382389
  0.382443
  0.382224
  0.381705
  0.380848
  0.379603
  0.377904
  0.375657
  0.372725
  0.368896
  0.363814
  0.356809
  0.346405
  0.328282
  0.282017
 -0.367771
 0.0442834
