  0.383819
 -0.298248
 -0.350215
 -0.372286
 -0.386194
 -0.396614
 -0.405138
 -0.412489
 -0.419052
 -0.425057
 -0.430655
 -0.435953
  -0.44103
 -0.445947
 -0.450757
 -0.455503
 -0.460225
 -0.464955
 -0.469726
 -0.474565
 -0.479497
 -0.484545
 -0.489729
 -0.495067
 -0.500572
 -0.506259
  -0.51214
 -0.518224
 -0.524523
 -0.531047
 -0.537812
 -0.544837
 -0.552145
 -0.559774
 -0.567772
 -0.576204
 -0.585162
 -0.594764
 -0.605169
 -0.616582
 -0.629268
 -0.643562
  -0.65987
 -0.678646
 -0.700288
  -0.72479
 -0.750701
 -0.772226
 -0.772272
 -0.714307
  -0.56669
 -0.362947
 -0.165173
-0.0137792
 0.0919034
  0.165214
  0.217272
  0.255341
  0.283946
  0.305927
  0.323111
  0.336711
  0.347555
  0.356228
  0.363154
  0.368653
  0.372969
  0.376295
  0.378789
   0.38058
  0.381775
  0.382466
  0.382732
  0.382638
   0.38224
  0.381586
  0.380714
  0.379656
  0.378437
  0.377074
  0.375579
   0.37396
  0.372218
   0.37035
  0.368349
  0.366204
    0.3639
  0.361419
  0.358737
  0.355825
  0.352647
  0.349157
  0.345293
  0.340966
  0.336041
  0.330296
  0.323318
   0.31418
  0.300085
  0.265295
 -0.313126
-0.0706931
