  0.357873
 -0.283311
 -0.330583
 -0.351423
 -0.365316
 -0.376253
 -0.385586
 -0.393927
 -0.401604
 -0.408816
 -0.415694
 -0.422332
 -0.428801
 -0.435159
 -0.441454
 -0.447728
 -0.454022
  -0.46037
 -0.466805
 -0.473361
 -0.480066
 -0.486948
 -0.494035
 -0.501353
 -0.508925
 -0.516778
 -0.524934
  -0.53342
 -0.542264
 -0.551498
  -0.56116
 -0.571298
 -0.581971
 -0.593256
 -0.605255
 -0.618097
 -0.631954
 -0.647049
 -0.663676
 -0.682223
 -0.703197
 -0.727264
 -0.755297
 -0.788407
 -0.827925
 -0.875152
 -0.930338
 -0.989279
  -1.03394
  -1.01767
 -0.888097
 -0.669967
 -0.433151
 -0.238714
-0.0964863
0.00561159
 0.0801159
  0.135897
  0.178743
  0.212401
  0.239341
  0.261231
  0.279227
  0.294155
  0.306616
  0.317064
  0.325846
  0.333236
  0.339454
   0.34468
  0.349062
  0.352726
  0.355776
  0.358302
   0.36038
  0.362075
  0.363438
  0.364514
  0.365338
  0.365937
   0.36633
  0.366532
  0.366549
  0.366383
  0.366029
   0.36548
   0.36472
  0.363732
  0.362489
   0.36096
  0.359104
  0.356865
  0.354167
  0.350902
  0.346899
  0.341878
  0.335314
  0.326039
  0.310597
  0.271235
 -0.336928
-0.0209452
