  0.390562
  -0.29356
 -0.344816
 -0.364994
 -0.376427
 -0.384023
 -0.389467
 -0.393529
 -0.396618
 -0.398978
 -0.400767
 -0.402094
 -0.403039
 -0.403659
 -0.404002
 -0.404103
  -0.40399
 -0.403684
 -0.403201
 -0.402549
 -0.401732
 -0.400747
 -0.399585
 -0.398228
 -0.396654
 -0.394831
 -0.392719
  -0.39027
 -0.387424
 -0.384113
 -0.380254
 -0.375751
 -0.370491
 -0.364338
 -0.357131
 -0.348672
 -0.338718
 -0.326956
 -0.312984
 -0.296263
 -0.276055
 -0.251321
  -0.22056
 -0.181535
 -0.130831
-0.0631305
 0.0298213
  0.159954
  0.339565
   0.56215
  0.773642
  0.907221
  0.935804
  0.904844
  0.857383
   0.81101
  0.770406
  0.735874
  0.706547
   0.68141
  0.659574
  0.640327
  0.623117
  0.607521
  0.593214
  0.579952
  0.567545
  0.555851
  0.544762
  0.534194
  0.524084
  0.514383
  0.505053
  0.496062
  0.487384
  0.478996
  0.470875
  0.463002
  0.455355
  0.447911
  0.440649
  0.433544
   0.42657
  0.419701
  0.412909
  0.406164
  0.399436
  0.392692
  0.385895
  0.379008
  0.371986
  0.364775
   0.35731
  0.349499
  0.341212
   0.33224
  0.322199
  0.310235
  0.293779
  0.257897
  -0.30436
-0.0862024
