  0.401039
 -0.300537
 -0.354185
 -0.375465
 -0.387577
 -0.395685
 -0.401565
 -0.406027
 -0.409503
 -0.412252
 -0.414441
 -0.416185
  -0.41757
  -0.41866
 -0.419506
 -0.420146
 -0.420615
 -0.420938
 -0.421134
 -0.421217
 -0.421197
 -0.421076
  -0.42085
 -0.420512
 -0.420044
 -0.419425
 -0.418625
 -0.417606
 -0.416323
 -0.414722
  -0.41274
 -0.410301
 -0.407318
 -0.403689
 -0.399292
 -0.393978
 -0.387567
 -0.379828
 -0.370465
 -0.359079
 -0.345122
 -0.327816
  -0.30602
 -0.278007
 -0.241083
 -0.190931
 -0.120576
-0.0192193
  0.126418
  0.318119
  0.518148
  0.665834
  0.727224
  0.731376
   0.71332
  0.689895
  0.667041
  0.646406
  0.628157
   0.61202
  0.597623
  0.584625
  0.572735
  0.561722
  0.551406
  0.541648
  0.532342
   0.52341
  0.514793
  0.506448
  0.498346
  0.490464
  0.482785
  0.475298
  0.467992
  0.460857
  0.453884
  0.447062
  0.440379
  0.433822
  0.427376
  0.421021
   0.41474
  0.408511
   0.40231
  0.396114
  0.389896
  0.383627
  0.377277
  0.370811
  0.364189
  0.357364
  0.350276
  0.342844
  0.334952
  0.326411
  0.316876
  0.305577
  0.290168
  0.256377
 -0.296829
  -0.10421
