  0.403911
 -0.303262
 -0.357684
 -0.379402
 -0.391854
 -0.400272
 -0.406454
 -0.411219
 -0.415007
 -0.418077
 -0.420599
 -0.422692
 -0.424442
 -0.425914
 -0.427161
 -0.428224
 -0.429138
  -0.42993
 -0.430622
 -0.431231
 -0.431768
 -0.432239
 -0.432644
 -0.432977
 -0.433229
  -0.43338
 -0.433408
 -0.433281
 -0.432962
 -0.432405
 -0.431558
 -0.430357
 -0.428733
 -0.426599
 -0.423858
 -0.420392
 -0.416055
 -0.410665
 -0.403987
 -0.395705
 -0.385383
 -0.372393
 -0.355806
 -0.334192
 -0.305277
  -0.26533
 -0.208123
 -0.123521
0.00231828
  0.175993
  0.369277
    0.5251
  0.605527
  0.630074
  0.629104
   0.61901
  0.606466
  0.593899
  0.582082
  0.571168
  0.561092
  0.551722
  0.542925
  0.534581
  0.526593
  0.518884
  0.511397
   0.50409
  0.496936
  0.489914
  0.483014
  0.476229
  0.469555
  0.462992
  0.456537
  0.450191
  0.443949
  0.437807
  0.431758
  0.425794
  0.419902
   0.41407
   0.40828
  0.402515
  0.396754
  0.390975
  0.385153
  0.379263
  0.373276
  0.367158
  0.360873
  0.354375
  0.347607
   0.34049
  0.332913
  0.324693
  0.315496
  0.304575
  0.289642
  0.256584
 -0.294914
 -0.108997
