 0.404084
-0.306113
-0.361062
-0.383349
-0.396433
-0.405536
-0.412451
-0.417992
-0.422595
 -0.42652
-0.429936
 -0.43296
-0.435679
 -0.43816
-0.440457
-0.442612
-0.444664
-0.446642
-0.448572
-0.450476
 -0.45237
-0.454265
 -0.45617
-0.458086
-0.460011
 -0.46194
-0.463858
-0.465752
-0.467597
 -0.46937
 -0.47104
-0.472571
-0.473926
-0.475061
-0.475926
-0.476468
 -0.47662
-0.476305
 -0.47542
-0.473827
 -0.47133
-0.467628
-0.462249
-0.454404
 -0.44273
-0.424759
-0.395883
-0.347416
-0.264339
-0.129726
0.0486696
 0.221633
 0.342761
 0.411037
 0.446734
 0.465267
 0.474865
 0.479631
 0.481632
 0.481947
 0.481159
   0.4796
 0.477466
  0.47488
 0.471923
 0.468653
 0.465119
 0.461358
 0.457406
 0.453294
 0.449053
 0.444708
 0.440286
 0.435808
 0.431292
 0.426753
 0.422204
 0.417653
 0.413103
 0.408555
 0.404007
 0.399451
 0.394878
 0.390275
 0.385629
  0.38092
 0.376129
 0.371233
 0.366206
 0.361019
 0.355637
 0.350018
 0.344105
 0.337825
 0.331064
 0.323645
 0.315233
 0.305083
 0.290898
 0.258513
-0.295263
-0.108821
