  0.337854
 -0.271072
 -0.311263
 -0.327404
 -0.337328
 -0.344519
 -0.350152
 -0.354752
   -0.3586
  -0.36186
 -0.364639
 -0.367009
  -0.36902
 -0.370712
  -0.37211
 -0.373237
 -0.374108
 -0.374731
 -0.375112
 -0.375251
 -0.375141
 -0.374771
 -0.374124
 -0.373175
 -0.371892
 -0.370236
 -0.368156
 -0.365596
 -0.362484
  -0.35874
 -0.354267
 -0.348953
 -0.342664
 -0.335243
 -0.326497
 -0.316195
 -0.304043
 -0.289673
 -0.272601
 -0.252184
 -0.227544
 -0.197447
  -0.16012
 -0.112942
-0.0519496
  0.028943
  0.138983
   0.29102
   0.49675
  0.743618
   0.96529
   1.08993
   1.09513
   1.03858
  0.969498
  0.906186
  0.852465
  0.807676
    0.7702
  0.738483
  0.711254
  0.687534
  0.666578
  0.647822
  0.630838
  0.615302
  0.600967
  0.587644
  0.575187
  0.563485
  0.552452
  0.542017
  0.532127
  0.522737
  0.513808
  0.505306
    0.4972
   0.48946
  0.482056
  0.474959
  0.468139
  0.461564
    0.4552
  0.449014
   0.44297
  0.437029
  0.431153
  0.425297
  0.419415
  0.413453
  0.407351
  0.401031
  0.394396
  0.387311
  0.379574
  0.370855
  0.360544
  0.347295
   0.32716
  0.280829
 -0.355528
 0.0176745
