  0.344612
 -0.273311
  -0.31492
 -0.331523
 -0.341553
 -0.348692
 -0.354183
 -0.358587
   -0.3622
 -0.365198
 -0.367695
 -0.369765
 -0.371464
 -0.372832
 -0.373896
 -0.374681
 -0.375201
 -0.375466
 -0.375482
 -0.375247
 -0.374757
 -0.373998
 -0.372953
 -0.371596
 -0.369894
 -0.367805
 -0.365279
 -0.362255
  -0.35866
 -0.354412
 -0.349409
 -0.343535
 -0.336652
 -0.328595
 -0.319166
 -0.308122
 -0.295159
 -0.279891
 -0.261816
 -0.240264
 -0.214319
 -0.182701
 -0.143565
-0.0941955
-0.0304938
 0.0538125
  0.168206
  0.325733
  0.537868
  0.790425
   1.01394
   1.13548
   1.13408
   1.07059
  0.995717
  0.927886
  0.870659
  0.823108
  0.783414
  0.749875
  0.721123
  0.696106
  0.674027
  0.654285
  0.636426
  0.620105
  0.605057
  0.591082
  0.578025
  0.565765
   0.55421
  0.543285
  0.532932
  0.523102
  0.513752
  0.504847
  0.496353
  0.488238
  0.480472
  0.473022
  0.465857
  0.458945
  0.452253
  0.445745
  0.439386
  0.433137
  0.426958
  0.420808
  0.414639
    0.4084
  0.402031
  0.395459
   0.38859
  0.381294
  0.373381
  0.364537
  0.354185
  0.341056
  0.321409
   0.27662
  -0.34725
0.00263843
