   0.32615
 -0.267665
 -0.305408
 -0.320786
 -0.330579
 -0.337926
 -0.343875
 -0.348895
 -0.353236
 -0.357045
 -0.360419
 -0.363422
 -0.366103
 -0.368497
 -0.370629
  -0.37252
 -0.374186
 -0.375637
  -0.37688
 -0.377915
 -0.378739
 -0.379345
 -0.379719
 -0.379839
 -0.379679
 -0.379205
 -0.378375
 -0.377137
 -0.375432
 -0.373186
 -0.370318
 -0.366728
   -0.3623
 -0.356898
 -0.350356
 -0.342474
 -0.333002
 -0.321622
 -0.307922
 -0.291352
 -0.271156
 -0.246272
 -0.215163
 -0.175541
 -0.123914
-0.0548497
 0.0400719
  0.172984
  0.356286
  0.582976
  0.797531
  0.932079
  0.959487
  0.926562
  0.877269
  0.829444
  0.787762
  0.752459
  0.722607
  0.697139
  0.675132
  0.655848
  0.638716
    0.6233
  0.609266
  0.596361
  0.584392
  0.573212
   0.56271
  0.552801
   0.54342
  0.534516
  0.526049
  0.517988
  0.510303
  0.502972
   0.49597
  0.489274
  0.482862
  0.476709
  0.470789
  0.465074
  0.459534
  0.454138
  0.448853
  0.443642
  0.438465
  0.433281
  0.428041
  0.422692
  0.417169
  0.411393
  0.405259
  0.398622
  0.391261
  0.382815
  0.372613
  0.359175
  0.338168
  0.289009
 -0.370985
 0.0448346
