  0.351942
 -0.275939
 -0.319082
 -0.336201
 -0.346371
 -0.353483
 -0.358856
 -0.363085
 -0.366486
 -0.369245
 -0.371484
 -0.373283
   -0.3747
 -0.375777
 -0.376546
 -0.377031
 -0.377249
  -0.37721
 -0.376921
 -0.376381
 -0.375584
  -0.37452
 -0.373168
 -0.371505
 -0.369496
 -0.367098
 -0.364262
 -0.360925
 -0.357014
 -0.352443
 -0.347111
   -0.3409
 -0.333668
 -0.325248
 -0.315438
  -0.30399
 -0.290596
 -0.274861
 -0.256273
  -0.23415
 -0.207558
 -0.175192
 -0.135178
-0.0847535
 -0.019755
 0.0661762
   0.18263
  0.342741
  0.557858
  0.812996
   1.03719
   1.15706
   1.15236
   1.08545
   1.00777
  0.937744
  0.878819
  0.829931
   0.78916
  0.754735
  0.725238
  0.699581
  0.676943
  0.656706
    0.6384
  0.621671
  0.606247
   0.59192
  0.578531
  0.565956
  0.554098
  0.542881
  0.532245
  0.522137
  0.512515
  0.503341
   0.49458
  0.486201
  0.478171
  0.470458
  0.463031
  0.455858
  0.448903
  0.442133
  0.435512
  0.429002
  0.422565
  0.416158
  0.409736
   0.40325
   0.39664
  0.389838
  0.382754
  0.375264
  0.367189
  0.358233
  0.347855
   0.33486
  0.315723
  0.272514
 -0.338936
-0.0130059
