   0.331706
  -0.269204
  -0.308105
  -0.323838
  -0.333684
  -0.340947
  -0.346735
  -0.351543
  -0.355636
   -0.35917
  -0.362244
  -0.364928
  -0.367271
  -0.369308
  -0.371066
  -0.372565
  -0.373822
  -0.374844
  -0.375638
  -0.376204
  -0.376537
  -0.376626
  -0.376456
  -0.376004
   -0.37524
  -0.374127
  -0.372618
  -0.370658
  -0.368182
  -0.365111
  -0.361356
   -0.35681
  -0.351347
  -0.344818
  -0.337043
  -0.327803
  -0.316825
  -0.303762
   -0.28816
  -0.269418
   -0.24671
  -0.218877
  -0.184248
  -0.140346
  -0.083412
-0.00764233
  0.0958534
   0.239618
   0.435661
   0.673845
   0.892522
    1.02155
    1.03645
   0.990184
   0.929706
   0.873122
   0.824629
   0.783958
   0.749791
   0.720787
   0.695825
   0.674033
   0.654739
   0.637436
   0.621737
   0.607349
   0.594048
   0.581664
   0.570066
   0.559154
    0.54885
   0.539094
   0.529838
   0.521041
   0.512671
   0.504697
   0.497092
   0.489828
   0.482879
   0.476218
   0.469815
   0.463642
   0.457665
   0.451852
   0.446169
   0.440576
   0.435036
   0.429505
   0.423934
   0.418271
   0.412453
     0.4064
   0.400012
   0.393147
   0.385596
    0.37701
   0.366748
   0.353395
   0.332803
   0.285004
  -0.363521
  0.0318152
