 0.299778
-0.259494
-0.293365
-0.308253
-0.318817
-0.327529
-0.335206
-0.342215
-0.348756
-0.354956
-0.360903
-0.366663
-0.372287
-0.377821
-0.383302
-0.388766
-0.394244
-0.399766
-0.405361
-0.411055
-0.416871
-0.422832
-0.428958
-0.435267
-0.441775
-0.448497
-0.455446
-0.462632
-0.470068
-0.477764
-0.485736
-0.493998
-0.502575
-0.511498
-0.520807
-0.530561
-0.540839
-0.551744
-0.563415
-0.576031
-0.589824
-0.605084
-0.622155
-0.641413
-0.663142
-0.687184
-0.711908
-0.731372
-0.728679
-0.668529
-0.521356
-0.320869
-0.127969
0.0191021
 0.121854
 0.193498
 0.244832
 0.282844
 0.311862
 0.334588
 0.352753
   0.3675
 0.379609
 0.389626
  0.39795
 0.404876
 0.410633
 0.415403
 0.419332
 0.422543
 0.425137
 0.427204
 0.428818
 0.430045
  0.43094
  0.43155
 0.431916
 0.432068
 0.432033
 0.431829
 0.431468
 0.430955
 0.430293
 0.429476
 0.428493
 0.427329
 0.425963
 0.424368
 0.422509
  0.42034
 0.417806
 0.414829
 0.411302
  0.40707
  0.40189
 0.395351
 0.386682
 0.374176
 0.352849
  0.30005
-0.393383
0.0936047
