  0.305707
 -0.262659
 -0.296628
 -0.311015
 -0.320867
 -0.328759
 -0.335538
 -0.341583
 -0.347099
 -0.352214
 -0.357011
 -0.361553
 -0.365886
 -0.370049
 -0.374073
 -0.377985
 -0.381809
 -0.385566
 -0.389272
 -0.392942
 -0.396588
 -0.400217
 -0.403833
 -0.407438
 -0.411027
 -0.414591
 -0.418119
 -0.421592
 -0.424988
 -0.428281
 -0.431438
 -0.434422
 -0.437192
 -0.439699
 -0.441889
 -0.443699
 -0.445053
 -0.445858
 -0.445996
 -0.445303
 -0.443551
 -0.440397
 -0.435306
 -0.427406
 -0.415211
 -0.396084
 -0.365189
 -0.313612
 -0.226373
-0.0876231
  0.092643
  0.264372
  0.381825
   0.44621
  0.478946
   0.49554
  0.504026
  0.508293
  0.510248
   0.51085
  0.510603
  0.509779
   0.50853
  0.506947
  0.505089
  0.502996
  0.500702
  0.498235
  0.495622
   0.49289
  0.490064
  0.487167
  0.484222
   0.48125
  0.478267
  0.475289
  0.472325
  0.469384
  0.466468
  0.463576
  0.460703
  0.457839
  0.454971
  0.452082
   0.44915
  0.446151
  0.443053
  0.439823
  0.436418
  0.432787
   0.42887
  0.424583
  0.419818
  0.414416
  0.408134
  0.400564
  0.390939
   0.37757
  0.355515
  0.302189
 -0.394212
 0.0885044
