  0.302786
 -0.259035
 -0.294165
 -0.309884
 -0.321115
 -0.330429
 -0.338681
 -0.346255
 -0.353361
 -0.360132
 -0.366662
 -0.373019
 -0.379258
 -0.385427
 -0.391566
 -0.397715
 -0.403907
 -0.410177
 -0.416556
 -0.423073
 -0.429759
 -0.436639
 -0.443741
 -0.451088
 -0.458705
 -0.466613
 -0.474836
 -0.483396
 -0.492316
 -0.501625
 -0.511352
 -0.521536
 -0.532226
 -0.543483
 -0.555388
 -0.568046
 -0.581597
 -0.596223
 -0.612165
 -0.629737
 -0.649354
 -0.671555
 -0.697035
 -0.726659
 -0.761412
 -0.802119
  -0.84842
 -0.895574
 -0.925984
 -0.896808
 -0.763012
 -0.551803
 -0.329861
 -0.150828
-0.0210195
 0.0718498
  0.139646
  0.190567
  0.229886
  0.260986
  0.286082
  0.306658
   0.32374
  0.338055
  0.350134
  0.360375
  0.369084
    0.3765
   0.38282
  0.388202
  0.392779
  0.396665
  0.399955
  0.402732
  0.405066
  0.407016
  0.408633
  0.409957
  0.411023
  0.411855
  0.412472
  0.412885
  0.413101
  0.413119
  0.412931
  0.412527
  0.411888
  0.410989
  0.409799
  0.408275
  0.406362
  0.403987
  0.401045
  0.397384
  0.392769
  0.386798
  0.378717
  0.366863
  0.346374
  0.295053
  -0.38779
 0.0850039
