  0.303082
 -0.261801
 -0.295457
 -0.309835
 -0.319791
  -0.32784
  -0.33481
 -0.341072
 -0.346827
   -0.3522
 -0.357276
 -0.362118
 -0.366773
 -0.371281
 -0.375676
 -0.379986
 -0.384237
 -0.388453
 -0.392653
 -0.396856
 -0.401075
 -0.405323
 -0.409608
 -0.413936
 -0.418307
  -0.42272
 -0.427168
 -0.431643
 -0.436129
 -0.440611
 -0.445069
 -0.449479
 -0.453817
 -0.458056
 -0.462165
 -0.466114
 -0.469868
 -0.473384
 -0.476611
 -0.479477
 -0.481872
  -0.48362
 -0.484416
 -0.483713
  -0.48049
 -0.472757
 -0.456512
  -0.42361
 -0.358543
 -0.240316
-0.0685209
  0.111027
  0.248529
  0.334806
  0.386065
  0.417226
  0.437058
  0.450273
  0.459413
  0.465898
  0.470556
  0.473886
  0.476206
  0.477727
  0.478597
  0.478922
  0.478789
  0.478265
  0.477409
  0.476273
  0.474901
  0.473336
  0.471612
  0.469763
  0.467816
  0.465795
  0.463717
  0.461597
  0.459443
   0.45726
  0.455047
    0.4528
  0.450507
  0.448157
  0.445729
  0.443203
  0.440549
  0.437734
   0.43472
  0.431457
  0.427884
   0.42392
  0.419456
  0.414334
  0.408309
  0.400969
  0.391542
   0.37832
  0.356316
  0.302796
 -0.395508
 0.0924263
