 0.0118549
 -0.253238
 -0.237541
 -0.233333
 -0.236157
 -0.242275
 -0.250129
 -0.258942
 -0.268302
 -0.277969
 -0.287798
 -0.297692
 -0.307589
 -0.317441
 -0.327219
 -0.336901
 -0.346474
 -0.355931
 -0.365272
 -0.374497
 -0.383612
 -0.392622
 -0.401535
 -0.410359
   -0.4191
 -0.427765
 -0.436359
 -0.444888
 -0.453355
 -0.461765
 -0.470123
 -0.478436
 -0.486715
 -0.494976
 -0.503241
 -0.511543
 -0.519928
 -0.528454
 -0.537201
 -0.546268
 -0.555771
 -0.565843
 -0.576607
 -0.588114
  -0.60019
 -0.612034
 -0.621182
 -0.620945
  -0.59503
 -0.513526
 -0.357655
 -0.165477
0.00635041
  0.130363
  0.213498
  0.269609
  0.308764
  0.337129
  0.358393
  0.374801
  0.387766
  0.398209
  0.406752
   0.41383
  0.419761
  0.424784
  0.429084
   0.43281
  0.436089
  0.439023
  0.441706
  0.444216
  0.446625
  0.448994
   0.45138
  0.453829
  0.456386
  0.459087
  0.461962
  0.465039
  0.468339
  0.471877
  0.475667
  0.479715
  0.484023
   0.48859
  0.493406
  0.498456
  0.503714
   0.50914
  0.514674
  0.520224
  0.525652
   0.53073
  0.535084
  0.538041
  0.538272
  0.532768
  0.512579
  0.442274
 -0.478803
  0.466948
