  0.306151
 -0.259511
 -0.295622
 -0.311891
 -0.323515
 -0.333157
 -0.341704
 -0.349556
 -0.356932
 -0.363971
 -0.370767
 -0.377392
 -0.383903
 -0.390348
  -0.39677
 -0.403208
 -0.409698
 -0.416274
 -0.422971
 -0.429818
 -0.436847
 -0.444087
 -0.451565
  -0.45931
 -0.467346
   -0.4757
 -0.484398
 -0.493466
 -0.502933
 -0.512832
 -0.523201
 -0.534086
 -0.545545
 -0.557653
 -0.570504
 -0.584224
 -0.598975
 -0.614971
 -0.632492
 -0.651907
 -0.673699
 -0.698508
 -0.727162
  -0.76072
  -0.80044
 -0.847528
 -0.902122
 -0.959947
  -1.00314
 -0.985933
 -0.857293
 -0.641922
 -0.408733
 -0.217344
-0.0771015
 0.0239275
 0.0980289
  0.153871
  0.197097
  0.231358
  0.259055
  0.281805
  0.300732
  0.316633
  0.330092
  0.341544
  0.351327
  0.359705
   0.36689
  0.373058
  0.378352
  0.382897
  0.386794
  0.390134
  0.392992
  0.395432
  0.397508
  0.399265
   0.40074
  0.401959
  0.402944
  0.403709
   0.40426
  0.404599
   0.40472
  0.404613
  0.404261
   0.40364
   0.40272
  0.401459
  0.399804
  0.397681
  0.394989
   0.39158
   0.38722
  0.381517
  0.373732
  0.362233
  0.342261
  0.291954
 -0.383895
 0.0777446
