   0.38382
 -0.298249
 -0.350215
 -0.372287
 -0.386195
 -0.396615
 -0.405139
  -0.41249
 -0.419053
 -0.425058
 -0.430656
 -0.435954
 -0.441031
 -0.445948
 -0.450758
 -0.455505
 -0.460226
 -0.464957
 -0.469727
 -0.474566
 -0.479498
 -0.484547
 -0.489731
 -0.495068
 -0.500573
 -0.506261
 -0.512141
 -0.518225
 -0.524524
 -0.531049
 -0.537814
 -0.544838
 -0.552147
 -0.559776
 -0.567773
 -0.576206
 -0.585164
 -0.594766
 -0.605171
 -0.616584
  -0.62927
 -0.643564
 -0.659871
 -0.678648
  -0.70029
 -0.724792
 -0.750703
 -0.772228
 -0.772275
 -0.714309
 -0.566691
 -0.362948
 -0.165174
-0.0137795
 0.0919035
  0.165214
  0.217272
  0.255341
  0.283946
  0.305927
  0.323112
  0.336712
  0.347556
  0.356229
  0.363155
  0.368654
   0.37297
  0.376296
   0.37879
  0.380581
  0.381776
  0.382467
  0.382733
  0.382639
  0.382241
  0.381587
  0.380715
  0.379657
  0.378438
  0.377075
   0.37558
  0.373961
  0.372219
  0.370351
   0.36835
  0.366205
  0.363901
   0.36142
  0.358737
  0.355826
  0.352648
  0.349158
  0.345294
  0.340967
  0.336042
  0.330297
  0.323319
  0.314181
  0.300086
  0.265296
 -0.313127
-0.0706931
