  0.323488
 -0.265259
 -0.305525
 -0.323784
  -0.33663
 -0.347171
 -0.356451
 -0.364943
 -0.372903
  -0.38049
 -0.387812
 -0.394948
 -0.401961
 -0.408903
 -0.415819
 -0.422751
 -0.429736
 -0.436811
 -0.444011
  -0.45137
 -0.458919
  -0.46669
 -0.474715
 -0.483023
 -0.491644
 -0.500607
 -0.509945
  -0.51969
 -0.529878
  -0.54055
 -0.551754
 -0.563551
 -0.576014
 -0.589236
 -0.603339
 -0.618476
 -0.634851
 -0.652728
 -0.672452
 -0.694479
 -0.719411
 -0.748044
 -0.781431
 -0.820941
 -0.868276
 -0.925259
 -0.992829
  -1.06745
  -1.13082
   -1.1324
  -1.01151
 -0.788999
 -0.537474
 -0.326181
 -0.169289
-0.0553724
 0.0285698
 0.0919902
  0.141143
  0.180116
  0.211621
  0.237496
  0.259022
  0.277112
  0.292437
  0.305499
  0.316684
  0.326296
  0.334578
  0.341728
  0.347911
  0.353266
  0.357908
  0.361937
  0.365436
  0.368478
  0.371121
  0.373416
  0.375402
  0.377111
  0.378568
  0.379787
  0.380778
  0.381546
  0.382086
   0.38239
  0.382444
  0.382225
  0.381706
  0.380849
  0.379604
  0.377905
  0.375658
  0.372726
  0.368897
  0.363815
   0.35681
  0.346406
  0.328283
  0.282017
 -0.367772
 0.0442834
