   0.348721
  -0.278038
  -0.323538
  -0.343806
  -0.357542
  -0.368499
  -0.377947
  -0.386461
  -0.394348
  -0.401797
  -0.408933
  -0.415845
  -0.422603
  -0.429262
   -0.43587
  -0.442469
  -0.449099
  -0.455795
  -0.462592
  -0.469521
  -0.476614
  -0.483901
   -0.49141
  -0.499169
  -0.507204
  -0.515543
  -0.524214
  -0.533244
  -0.542666
  -0.552517
   -0.56284
  -0.573688
  -0.585128
  -0.597247
  -0.610155
  -0.623996
  -0.638958
  -0.655286
  -0.673303
  -0.693431
  -0.716229
  -0.742434
  -0.773011
   -0.80921
  -0.852555
  -0.904622
  -0.966017
   -1.03288
   -1.08699
   -1.07966
  -0.954159
  -0.733345
  -0.488618
  -0.285323
  -0.135507
 -0.0273847
  0.0518545
   0.111404
   0.157306
   0.193494
   0.222567
   0.246287
   0.265877
   0.282211
   0.295927
   0.307506
   0.317316
   0.325648
   0.332734
   0.338763
   0.343894
   0.348257
   0.351965
   0.355111
   0.357775
   0.360025
   0.361917
   0.363498
   0.364804
   0.365865
   0.366703
   0.367333
   0.367761
   0.367991
    0.36802
   0.367839
   0.367433
   0.366784
   0.365865
   0.364644
   0.363075
   0.361102
   0.358643
   0.355581
   0.351735
   0.346804
   0.340223
    0.33074
   0.314667
   0.273537
  -0.345291
-0.00343054
