  0.396502
  -0.29723
 -0.349805
 -0.370566
 -0.382335
 -0.390166
 -0.395799
 -0.400025
 -0.403267
 -0.405778
  -0.40772
 -0.409208
 -0.410323
 -0.411128
  -0.41167
 -0.411988
 -0.412112
 -0.412066
 -0.411868
 -0.411528
 -0.411053
 -0.410443
  -0.40969
 -0.408784
 -0.407703
  -0.40642
   -0.4049
 -0.403101
 -0.400969
 -0.398442
 -0.395447
 -0.391898
 -0.387692
 -0.382712
 -0.376812
  -0.36982
  -0.36152
 -0.351639
 -0.339823
 -0.325599
 -0.308318
 -0.287063
 -0.260502
 -0.226635
 -0.182385
 -0.122902
-0.0405299
 0.0761323
  0.239844
  0.447979
  0.654113
  0.794304
   0.83825
   0.82373
  0.790039
  0.754412
  0.722122
    0.6941
  0.669964
  0.649043
  0.630693
  0.614373
  0.599655
  0.586204
  0.573764
  0.562139
  0.551179
  0.540772
  0.530832
  0.521296
  0.512116
  0.503254
  0.494683
   0.48638
  0.478327
  0.470506
  0.462903
    0.4555
  0.448281
  0.441228
  0.434321
   0.42754
  0.420861
  0.414262
  0.407716
  0.401197
  0.394675
   0.38812
  0.381499
  0.374775
  0.367906
  0.360842
  0.353521
  0.345857
  0.337727
  0.328933
  0.319115
  0.307466
  0.291543
  0.256798
 -0.300015
 -0.096487
