  0.383553
 -0.289737
 -0.339487
 -0.359044
  -0.37016
 -0.377564
 -0.382883
 -0.386853
 -0.389869
 -0.392165
 -0.393892
 -0.395154
 -0.396026
 -0.396564
 -0.396812
 -0.396803
 -0.396561
 -0.396107
 -0.395453
 -0.394605
 -0.393564
 -0.392325
 -0.390876
 -0.389197
 -0.387261
 -0.385033
  -0.38247
 -0.379518
 -0.376112
 -0.372178
 -0.367627
 -0.362352
 -0.356231
 -0.349116
  -0.34083
 -0.331157
 -0.319827
 -0.306498
 -0.290725
 -0.271913
 -0.249251
   -0.2216
 -0.187315
 -0.143963
-0.0878435
-0.0132486
 0.0885771
  0.230006
  0.422954
  0.657665
  0.873672
   1.00174
   1.01747
   0.97275
  0.913754
  0.858373
  0.810797
  0.770804
  0.737123
  0.708447
  0.683686
  0.661984
  0.642686
  0.625293
  0.609427
  0.594798
  0.581188
  0.568428
  0.556391
  0.544977
   0.53411
  0.523731
  0.513792
  0.504255
  0.495088
   0.48626
  0.477747
  0.469523
  0.461563
  0.453841
  0.446332
  0.439009
  0.431844
  0.424807
  0.417869
  0.410998
   0.40416
  0.397322
  0.390444
  0.383487
  0.376402
  0.369133
  0.361609
  0.353735
   0.34537
  0.336291
  0.326088
  0.313851
  0.296852
  0.259683
 -0.309749
 -0.073804
