 0.404085
-0.306113
-0.361063
-0.383349
-0.396434
-0.405537
-0.412452
-0.417993
-0.422596
-0.426521
-0.429937
-0.432961
 -0.43568
-0.438161
-0.440458
-0.442613
-0.444665
-0.446643
-0.448573
-0.450477
-0.452371
-0.454266
-0.456171
-0.458087
-0.460012
-0.461941
 -0.46386
-0.465753
-0.467599
-0.469371
-0.471041
-0.472572
-0.473927
-0.475062
-0.475928
-0.476469
-0.476622
-0.476306
-0.475421
-0.473828
-0.471331
 -0.46763
 -0.46225
-0.454406
-0.442731
-0.424761
-0.395884
-0.347417
 -0.26434
-0.129727
0.0486692
 0.221633
 0.342762
 0.411037
 0.446735
 0.465268
 0.474866
 0.479632
 0.481634
 0.481948
  0.48116
 0.479601
 0.477467
 0.474881
 0.471924
 0.468655
  0.46512
 0.461359
 0.457407
 0.453295
 0.449054
  0.44471
 0.440287
 0.435809
 0.431293
 0.426754
 0.422205
 0.417654
 0.413104
 0.408556
 0.404008
 0.399452
 0.394879
 0.390276
  0.38563
 0.380921
  0.37613
 0.371234
 0.366207
  0.36102
 0.355638
 0.350019
 0.344106
 0.337826
 0.331065
 0.323645
 0.315234
 0.305084
 0.290899
 0.258513
-0.295264
-0.108821
