  0.403911
 -0.303262
 -0.357685
 -0.379403
 -0.391855
 -0.400273
 -0.406454
  -0.41122
 -0.415007
 -0.418077
   -0.4206
 -0.422693
 -0.424443
 -0.425915
 -0.427162
 -0.428225
 -0.429139
 -0.429931
 -0.430623
 -0.431232
 -0.431769
  -0.43224
 -0.432645
 -0.432978
  -0.43323
 -0.433381
 -0.433409
 -0.433282
 -0.432963
 -0.432406
 -0.431559
 -0.430359
 -0.428734
   -0.4266
  -0.42386
 -0.420393
 -0.416056
 -0.410666
 -0.403988
 -0.395706
 -0.385384
 -0.372394
 -0.355807
 -0.334193
 -0.305278
 -0.265331
 -0.208123
 -0.123521
0.00231773
  0.175993
  0.369277
    0.5251
  0.605528
  0.630075
  0.629105
  0.619011
  0.606467
    0.5939
  0.582083
   0.57117
  0.561093
  0.551724
  0.542927
  0.534583
  0.526594
  0.518885
  0.511398
  0.504091
  0.496937
  0.489915
  0.483015
   0.47623
  0.469556
  0.462993
  0.456539
  0.450192
   0.44395
  0.437808
  0.431759
  0.425795
  0.419904
  0.414071
  0.408281
  0.402516
  0.396755
  0.390976
  0.385154
  0.379264
  0.373277
  0.367159
  0.360874
  0.354376
  0.347608
  0.340491
  0.332914
  0.324694
  0.315497
  0.304576
  0.289642
  0.256585
 -0.294915
 -0.108997
