  0.401039
 -0.300538
 -0.354186
 -0.375466
 -0.387578
 -0.395686
 -0.401566
 -0.406028
 -0.409504
 -0.412253
 -0.414442
 -0.416186
 -0.417571
 -0.418661
 -0.419507
 -0.420147
 -0.420616
 -0.420939
 -0.421135
 -0.421218
 -0.421198
 -0.421077
 -0.420851
 -0.420513
 -0.420045
 -0.419426
 -0.418626
 -0.417607
 -0.416324
 -0.414724
 -0.412741
 -0.410302
  -0.40732
  -0.40369
 -0.399293
 -0.393979
 -0.387568
 -0.379829
 -0.370466
  -0.35908
 -0.345123
 -0.327817
 -0.306021
 -0.278008
 -0.241084
 -0.190932
 -0.120577
-0.0192199
  0.126418
  0.318119
  0.518148
  0.665835
  0.727226
  0.731377
  0.713322
  0.689896
  0.667043
  0.646407
  0.628159
  0.612021
  0.597625
  0.584626
  0.572736
  0.561724
  0.551408
  0.541649
  0.532344
  0.523411
  0.514794
   0.50645
  0.498347
  0.490465
  0.482786
  0.475299
  0.467993
  0.460858
  0.453885
  0.447063
  0.440381
  0.433824
  0.427377
  0.421022
  0.414741
  0.408512
  0.402311
  0.396115
  0.389897
  0.383629
  0.377278
  0.370812
   0.36419
  0.357365
  0.350277
  0.342845
  0.334953
  0.326411
  0.316877
  0.305578
  0.290169
  0.256377
  -0.29683
 -0.104209
