  0.344613
 -0.273311
 -0.314921
 -0.331524
 -0.341554
 -0.348692
 -0.354184
 -0.358588
 -0.362201
 -0.365199
 -0.367695
 -0.369766
 -0.371465
 -0.372832
 -0.373897
 -0.374682
 -0.375202
 -0.375467
 -0.375483
 -0.375248
 -0.374758
 -0.373999
 -0.372954
 -0.371597
 -0.369895
 -0.367806
  -0.36528
 -0.362255
 -0.358661
 -0.354413
  -0.34941
 -0.343536
 -0.336653
 -0.328596
 -0.319167
 -0.308123
  -0.29516
 -0.279892
 -0.261817
 -0.240265
  -0.21432
 -0.182701
 -0.143565
-0.0941961
-0.0304943
 0.0538121
  0.168205
  0.325733
  0.537869
  0.790426
   1.01394
   1.13548
   1.13408
   1.07059
  0.995719
  0.927888
  0.870661
   0.82311
  0.783415
  0.749877
  0.721124
  0.696107
  0.674028
  0.654287
  0.636428
  0.620106
  0.605058
  0.591083
  0.578026
  0.565766
  0.554211
  0.543287
  0.532934
  0.523103
  0.513754
  0.504849
  0.496354
   0.48824
  0.480473
  0.473023
  0.465858
  0.458947
  0.452254
  0.445746
  0.439387
  0.433138
  0.426959
  0.420809
   0.41464
  0.408401
  0.402032
   0.39546
  0.388591
  0.381295
  0.373382
  0.364537
  0.354186
  0.341057
   0.32141
  0.276621
 -0.347251
0.00263847
