  0.326151
 -0.267666
 -0.305409
 -0.320787
  -0.33058
 -0.337927
 -0.343876
 -0.348896
 -0.353237
 -0.357046
 -0.360419
 -0.363423
 -0.366104
 -0.368498
  -0.37063
 -0.372521
 -0.374187
 -0.375638
 -0.376881
 -0.377916
  -0.37874
 -0.379346
  -0.37972
  -0.37984
  -0.37968
 -0.379206
 -0.378376
 -0.377138
 -0.375433
 -0.373187
 -0.370319
 -0.366729
 -0.362301
 -0.356899
 -0.350357
 -0.342475
 -0.333003
 -0.321623
 -0.307923
 -0.291353
 -0.271157
 -0.246273
 -0.215163
 -0.175542
 -0.123915
-0.0548502
 0.0400715
  0.172984
  0.356287
  0.582976
  0.797532
   0.93208
  0.959489
  0.926563
   0.87727
  0.829446
  0.787764
  0.752461
  0.722608
   0.69714
  0.675133
  0.655849
  0.638717
  0.623301
  0.609267
  0.596362
  0.584393
  0.573214
  0.562712
  0.552803
  0.543421
  0.534517
  0.526051
  0.517989
  0.510304
  0.502973
  0.495971
  0.489275
  0.482863
   0.47671
   0.47079
  0.465075
  0.459535
   0.45414
  0.448854
  0.443643
  0.438466
  0.433282
  0.428042
  0.422693
   0.41717
  0.411394
   0.40526
  0.398622
  0.391262
  0.382816
  0.372614
  0.359176
  0.338169
   0.28901
 -0.370986
 0.0448346
