 0.0646593
 -0.207572
 -0.199534
  -0.19784
 -0.200657
 -0.205394
 -0.211091
 -0.217331
 -0.223931
 -0.230808
 -0.237924
 -0.245266
  -0.25283
 -0.260621
 -0.268648
 -0.276926
 -0.285473
  -0.29431
 -0.303464
 -0.312963
 -0.322837
 -0.333122
 -0.343853
 -0.355069
 -0.366813
 -0.379129
 -0.392063
 -0.405668
 -0.419998
 -0.435118
 -0.451099
 -0.468028
 -0.486007
 -0.505161
 -0.525649
  -0.54767
 -0.571481
 -0.597416
  -0.62591
 -0.657542
  -0.69308
 -0.733551
 -0.780341
 -0.835298
 -0.900818
 -0.979732
  -1.07434
  -1.18254
  -1.28582
  -1.32678
   -1.2287
  -1.00308
 -0.726507
 -0.483764
 -0.297996
 -0.159675
-0.0553142
 0.0254113
 0.0895074
  0.141623
  0.184872
  0.221381
  0.252637
  0.279703
  0.303362
  0.324199
  0.342667
   0.35912
  0.373846
  0.387081
  0.399021
  0.409837
  0.419673
  0.428659
  0.436905
  0.444513
  0.451569
  0.458151
  0.464328
   0.47016
  0.475697
  0.480983
  0.486051
   0.49093
  0.495638
  0.500184
  0.504566
  0.508772
  0.512771
  0.516514
   0.51992
  0.522868
  0.525173
  0.526549
  0.526535
  0.524345
  0.518494
  0.505761
  0.476946
  0.396434
 -0.502398
  0.437739
