   0.331707
  -0.269205
  -0.308105
  -0.323839
  -0.333685
  -0.340948
  -0.346736
  -0.351544
  -0.355637
  -0.359171
  -0.362245
  -0.364929
  -0.367272
  -0.369309
  -0.371067
  -0.372566
  -0.373823
  -0.374845
  -0.375639
  -0.376205
  -0.376538
  -0.376627
  -0.376457
  -0.376005
  -0.375241
  -0.374128
  -0.372619
  -0.370659
  -0.368183
  -0.365112
  -0.361357
  -0.356811
  -0.351348
  -0.344819
  -0.337044
  -0.327804
  -0.316826
  -0.303763
  -0.288161
  -0.269419
  -0.246711
  -0.218878
  -0.184249
  -0.140347
 -0.0834126
-0.00764281
  0.0958531
   0.239618
   0.435662
   0.673846
   0.892523
    1.02155
    1.03645
   0.990186
   0.929707
   0.873124
   0.824631
    0.78396
   0.749793
   0.720788
   0.695827
   0.674034
    0.65474
   0.637437
   0.621739
   0.607351
    0.59405
   0.581665
   0.570067
   0.559155
   0.548851
   0.539095
   0.529839
   0.521042
   0.512672
   0.504698
   0.497093
   0.489829
   0.482881
   0.476219
   0.469817
   0.463643
   0.457666
   0.451853
    0.44617
   0.440578
   0.435037
   0.429506
   0.423935
   0.418272
   0.412454
   0.406401
   0.400013
   0.393148
   0.385597
   0.377011
   0.366749
   0.353396
   0.332804
   0.285004
  -0.363522
  0.0318152
