  0.321138
 -0.266396
 -0.303115
 -0.318188
 -0.327949
 -0.335388
   -0.3415
  -0.34673
 -0.351314
 -0.355395
 -0.359065
 -0.362387
 -0.365407
  -0.36816
 -0.370673
 -0.372967
 -0.375057
 -0.376957
 -0.378672
 -0.380208
 -0.381562
 -0.382729
 -0.383697
  -0.38445
 -0.384965
  -0.38521
 -0.385149
 -0.384737
 -0.383917
 -0.382627
  -0.38079
 -0.378319
  -0.37511
 -0.371039
  -0.36596
 -0.359694
  -0.35202
 -0.342657
  -0.33124
 -0.317281
 -0.300111
 -0.278784
 -0.251925
 -0.217476
 -0.172268
 -0.111319
-0.0267836
 0.0929672
  0.260788
  0.473438
  0.682801
  0.823803
  0.866169
  0.849267
  0.813436
  0.776166
  0.742696
  0.713869
  0.689221
   0.66802
  0.649576
  0.633317
   0.61879
  0.605645
  0.593613
  0.582489
  0.572116
  0.562377
  0.553182
  0.544466
  0.536178
  0.528279
   0.52074
  0.513537
   0.50665
  0.500061
  0.493752
  0.487705
    0.4819
  0.476318
  0.470936
  0.465728
  0.460668
  0.455726
  0.450871
  0.446066
  0.441276
  0.436457
  0.431562
  0.426539
  0.421321
  0.415829
  0.409954
  0.403548
  0.396384
  0.388086
  0.377956
  0.364457
  0.343089
  0.292714
 -0.377701
 0.0565622
