  0.367788
 -0.282307
  -0.32875
 -0.347039
 -0.357607
 -0.364775
  -0.37002
  -0.37401
 -0.377102
 -0.379506
 -0.381358
 -0.382751
 -0.383751
 -0.384407
 -0.384756
 -0.384827
 -0.384639
 -0.384208
 -0.383542
 -0.382644
  -0.38151
  -0.38013
 -0.378488
  -0.37656
 -0.374314
 -0.371711
 -0.368701
 -0.365223
 -0.361208
  -0.35657
 -0.351212
 -0.345016
 -0.337847
 -0.329539
 -0.319897
 -0.308677
 -0.295578
 -0.280216
 -0.262092
  -0.24054
 -0.214649
 -0.183148
 -0.144205
-0.0951216
-0.0318277
 0.0519067
  0.165502
  0.321925
    0.5326
  0.783504
    1.0057
   1.12672
   1.12563
    1.0628
  0.988604
  0.921334
  0.864548
  0.817335
  0.777894
   0.74454
  0.715915
  0.690974
  0.668928
  0.649179
  0.631276
  0.614875
  0.599714
  0.585594
   0.57236
  0.559893
    0.5481
  0.536907
  0.526257
    0.5161
  0.506396
  0.497108
  0.488203
  0.479652
  0.471423
  0.463486
  0.455812
  0.448369
  0.441126
  0.434049
  0.427104
  0.420257
  0.413471
  0.406707
  0.399922
  0.393072
  0.386102
  0.378951
  0.371537
  0.363751
  0.355435
  0.346331
  0.335965
  0.323293
  0.305212
  0.265141
 -0.323134
-0.0446543
