  0.305708
 -0.262659
 -0.296629
 -0.311015
 -0.320868
  -0.32876
 -0.335539
 -0.341584
   -0.3471
 -0.352215
 -0.357012
 -0.361554
 -0.365887
  -0.37005
 -0.374074
 -0.377986
  -0.38181
 -0.385567
 -0.389273
 -0.392943
 -0.396589
 -0.400218
 -0.403834
 -0.407439
 -0.411028
 -0.414592
  -0.41812
 -0.421593
 -0.424989
 -0.428282
 -0.431439
 -0.434423
 -0.437193
   -0.4397
  -0.44189
   -0.4437
 -0.445054
  -0.44586
 -0.445997
 -0.445305
 -0.443553
 -0.440399
 -0.435308
 -0.427407
 -0.415212
 -0.396085
  -0.36519
 -0.313613
 -0.226374
-0.0876239
 0.0926426
  0.264372
  0.381825
   0.44621
  0.478946
  0.495541
  0.504027
  0.508294
  0.510249
  0.510851
  0.510604
   0.50978
  0.508531
  0.506948
   0.50509
  0.502997
  0.500703
  0.498236
  0.495623
  0.492891
  0.490065
  0.487168
  0.484223
  0.481251
  0.478268
   0.47529
  0.472326
  0.469385
  0.466469
  0.463577
  0.460704
   0.45784
  0.454972
  0.452083
  0.449151
  0.446152
  0.443054
  0.439824
  0.436419
  0.432788
  0.428871
  0.424584
  0.419819
  0.414417
  0.408135
  0.400565
   0.39094
  0.377571
  0.355516
   0.30219
 -0.394213
 0.0885044
