  0.302787
 -0.259035
 -0.294166
 -0.309884
 -0.321116
  -0.33043
 -0.338682
 -0.346255
 -0.353361
 -0.360133
 -0.366663
  -0.37302
 -0.379259
 -0.385427
 -0.391567
 -0.397716
 -0.403908
 -0.410178
 -0.416557
 -0.423074
  -0.42976
  -0.43664
 -0.443742
 -0.451089
 -0.458706
 -0.466614
 -0.474837
 -0.483397
 -0.492318
 -0.501626
 -0.511353
 -0.521538
 -0.532227
 -0.543484
 -0.555389
 -0.568047
 -0.581598
 -0.596224
 -0.612166
 -0.629739
 -0.649356
 -0.671557
 -0.697037
 -0.726661
 -0.761414
 -0.802121
 -0.848422
 -0.895576
 -0.925986
  -0.89681
 -0.763014
 -0.551805
 -0.329862
 -0.150828
-0.0210197
 0.0718498
  0.139647
  0.190567
  0.229886
  0.260987
  0.286083
  0.306659
  0.323741
  0.338056
  0.350135
  0.360376
  0.369084
  0.376501
  0.382821
  0.388202
   0.39278
  0.396666
  0.399956
  0.402733
  0.405067
  0.407017
  0.408634
  0.409958
  0.411024
  0.411856
  0.412472
  0.412886
  0.413102
  0.413119
  0.412932
  0.412528
  0.411889
   0.41099
    0.4098
  0.408276
  0.406363
  0.403987
  0.401046
  0.397385
   0.39277
  0.386799
  0.378718
  0.366863
  0.346375
  0.295054
 -0.387791
 0.0850038
