  0.300682
 -0.259077
  -0.29346
 -0.308715
 -0.319589
  -0.32859
 -0.336548
 -0.343836
 -0.350659
 -0.357148
  -0.36339
 -0.369455
 -0.375395
 -0.381256
 -0.387078
 -0.392898
 -0.398749
 -0.404664
 -0.410671
   -0.4168
 -0.423077
 -0.429528
 -0.436174
 -0.443039
 -0.450142
 -0.457503
 -0.465138
 -0.473066
 -0.481304
 -0.489873
 -0.498796
   -0.5081
 -0.517823
 -0.528011
 -0.538727
 -0.550055
 -0.562105
 -0.575023
 -0.589002
 -0.604293
 -0.621225
 -0.640222
 -0.661814
 -0.686638
 -0.715352
 -0.748322
 -0.784595
 -0.818868
 -0.833868
 -0.790264
  -0.65023
 -0.444002
 -0.235572
-0.0714083
 0.0458192
  0.128827
  0.188983
   0.23392
  0.268471
    0.2957
  0.317597
  0.335488
  0.350281
  0.362622
  0.372978
  0.381699
  0.389057
  0.395262
  0.400488
  0.404877
  0.408548
  0.411602
  0.414125
  0.416191
  0.417865
    0.4192
  0.420241
  0.421026
  0.421583
  0.421936
  0.422099
  0.422083
  0.421889
  0.421517
  0.420957
  0.420196
  0.419214
  0.417987
  0.416479
  0.414648
  0.412439
  0.409774
   0.40655
  0.402612
   0.39772
  0.391467
  0.383089
  0.370896
  0.349954
  0.297799
 -0.390961
 0.0902791
