  0.306151
 -0.259511
 -0.295623
 -0.311892
 -0.323516
 -0.333158
 -0.341705
 -0.349557
 -0.356933
 -0.363972
 -0.370768
 -0.377393
 -0.383904
 -0.390349
 -0.396771
 -0.403209
 -0.409699
 -0.416275
 -0.422972
 -0.429819
 -0.436848
 -0.444088
 -0.451566
 -0.459311
 -0.467347
 -0.475701
 -0.484399
 -0.493467
 -0.502934
 -0.512833
 -0.523202
 -0.534087
 -0.545547
 -0.557654
 -0.570506
 -0.584225
 -0.598977
 -0.614973
 -0.632494
 -0.651908
 -0.673701
 -0.698509
 -0.727164
 -0.760722
 -0.800442
  -0.84753
 -0.902124
 -0.959949
  -1.00314
 -0.985935
 -0.857296
 -0.641923
 -0.408734
 -0.217345
-0.0771018
 0.0239274
  0.098029
  0.153871
  0.197098
  0.231359
  0.259055
  0.281806
  0.300733
  0.316634
  0.330092
  0.341545
  0.351328
  0.359706
  0.366891
  0.373059
  0.378353
  0.382897
  0.386795
  0.390135
  0.392993
  0.395433
  0.397509
  0.399266
  0.400741
   0.40196
  0.402945
  0.403709
  0.404261
  0.404599
  0.404721
  0.404614
  0.404262
  0.403641
  0.402721
   0.40146
  0.399804
  0.397682
   0.39499
  0.391581
  0.387221
  0.381518
  0.373732
  0.362234
  0.342262
  0.291954
 -0.383896
 0.0777445
