  0.303083
 -0.261802
 -0.295458
 -0.309836
 -0.319792
 -0.327841
 -0.334811
 -0.341072
 -0.346827
 -0.352201
 -0.357277
 -0.362119
 -0.366774
 -0.371282
 -0.375676
 -0.379987
 -0.384238
 -0.388454
 -0.392654
 -0.396857
 -0.401076
 -0.405324
 -0.409609
 -0.413937
 -0.418308
 -0.422721
 -0.427169
 -0.431644
  -0.43613
 -0.440612
  -0.44507
  -0.44948
 -0.453818
 -0.458057
 -0.462166
 -0.466116
 -0.469869
 -0.473385
 -0.476613
 -0.479478
 -0.481874
 -0.483621
 -0.484417
 -0.483714
 -0.480491
 -0.472758
 -0.456514
 -0.423612
 -0.358545
 -0.240317
-0.0685215
  0.111027
  0.248529
  0.334807
  0.386065
  0.417226
  0.437059
  0.450273
  0.459414
  0.465899
  0.470557
  0.473887
  0.476207
  0.477728
  0.478597
  0.478923
   0.47879
  0.478266
   0.47741
  0.476274
  0.474902
  0.473336
  0.471613
  0.469764
  0.467817
  0.465796
  0.463718
  0.461598
  0.459444
  0.457261
  0.455048
    0.4528
  0.450508
  0.448158
   0.44573
  0.443203
  0.440549
  0.437735
  0.434721
  0.431458
  0.427885
  0.423921
  0.419457
  0.414335
   0.40831
   0.40097
  0.391543
  0.378321
  0.356317
  0.302797
 -0.395509
 0.0924263
