 0.299779
-0.259495
-0.293366
-0.308254
-0.318818
 -0.32753
-0.335207
-0.342215
-0.348756
-0.354957
-0.360904
-0.366664
-0.372288
-0.377822
-0.383303
-0.388767
-0.394245
-0.399767
-0.405362
-0.411056
-0.416872
-0.422833
-0.428959
-0.435268
-0.441776
-0.448498
-0.455447
-0.462633
-0.470069
-0.477766
-0.485737
   -0.494
-0.502577
-0.511499
-0.520808
-0.530563
 -0.54084
-0.551746
-0.563416
-0.576033
-0.589826
-0.605085
-0.622157
-0.641415
-0.663144
-0.687186
-0.711909
-0.731374
-0.728681
-0.668531
-0.521358
 -0.32087
-0.127969
0.0191019
 0.121854
 0.193498
 0.244832
 0.282845
 0.311863
 0.334589
 0.352754
 0.367501
  0.37961
 0.389627
  0.39795
 0.404877
 0.410634
 0.415404
 0.419333
 0.422544
 0.425138
 0.427205
 0.428819
 0.430046
 0.430941
 0.431551
 0.431917
 0.432069
 0.432034
  0.43183
 0.431468
 0.430956
 0.430294
 0.429476
 0.428494
  0.42733
 0.425964
 0.424369
 0.422509
 0.420341
 0.417807
  0.41483
 0.411303
 0.407071
  0.40189
 0.395352
 0.386683
 0.374177
  0.35285
 0.300051
-0.393384
0.0936047
