  0.308884
 -0.263514
 -0.297959
 -0.312428
 -0.322216
 -0.329974
 -0.336577
 -0.342416
 -0.347701
 -0.352561
 -0.357082
 -0.361324
 -0.365335
 -0.369151
 -0.372801
 -0.376312
 -0.379705
 -0.382996
 -0.386202
 -0.389333
 -0.392398
 -0.395399
 -0.398339
 -0.401211
 -0.404006
 -0.406712
 -0.409307
 -0.411767
 -0.414061
 -0.416152
 -0.417996
 -0.419541
  -0.42073
 -0.421494
 -0.421754
 -0.421414
 -0.420359
 -0.418447
  -0.41549
 -0.411239
 -0.405345
 -0.397301
 -0.386344
  -0.37128
 -0.350166
 -0.319725
 -0.274299
 -0.204222
-0.0950608
 0.0639094
  0.252376
  0.416134
  0.513533
  0.556092
  0.570381
  0.572473
  0.569659
  0.565014
  0.559806
  0.554541
    0.5494
  0.544426
   0.53961
  0.534924
  0.530336
  0.525822
  0.521364
  0.516951
  0.512578
  0.508248
  0.503963
  0.499732
  0.495564
  0.491466
  0.487446
   0.48351
  0.479661
  0.475899
   0.47222
   0.46862
  0.465087
  0.461609
  0.458168
  0.454743
   0.45131
  0.447841
  0.444305
  0.440662
  0.436872
  0.432881
  0.428625
  0.424025
  0.418969
    0.4133
  0.406777
  0.398997
  0.389206
  0.375737
  0.353725
  0.300816
 -0.391788
 0.0829046
