  0.339775
 -0.273128
 -0.316837
 -0.336471
 -0.349975
  -0.36087
 -0.370345
 -0.378939
 -0.386942
 -0.394531
 -0.401826
 -0.408911
 -0.415855
  -0.42271
 -0.429526
 -0.436342
 -0.443199
 -0.450132
 -0.457177
 -0.464365
 -0.471729
 -0.479299
 -0.487106
 -0.495179
 -0.503545
 -0.512234
 -0.521276
 -0.530701
 -0.540544
 -0.550845
  -0.56165
 -0.573017
 -0.585019
 -0.597746
 -0.611316
 -0.625882
 -0.641643
 -0.658857
 -0.677866
 -0.699117
   -0.7232
 -0.750896
 -0.783237
 -0.821558
 -0.867514
  -0.92286
 -0.988438
  -1.06062
  -1.12108
  -1.11978
 -0.997155
 -0.774731
 -0.524885
 -0.315781
 -0.160946
-0.0488055
 0.0336188
 0.0957261
  0.143723
  0.181661
  0.212226
  0.237237
  0.257963
  0.275306
  0.289932
  0.302335
    0.3129
  0.321927
  0.329655
  0.336283
  0.341972
  0.346858
  0.351058
  0.354667
   0.35777
  0.360436
  0.362724
  0.364681
  0.366347
  0.367752
  0.368919
  0.369864
  0.370595
  0.371116
  0.371424
   0.37151
   0.37136
  0.370954
  0.370265
  0.369259
  0.367889
  0.366094
  0.363789
  0.360849
  0.357082
  0.352167
    0.3455
   0.33575
  0.319002
  0.276095
 -0.353356
 0.0135816
