  0.323489
 -0.265259
 -0.305526
 -0.323784
 -0.336631
 -0.347172
 -0.356452
 -0.364944
 -0.372904
 -0.380491
 -0.387813
 -0.394949
 -0.401962
 -0.408904
  -0.41582
 -0.422752
 -0.429737
 -0.436812
 -0.444012
 -0.451371
  -0.45892
 -0.466691
 -0.474716
 -0.483024
 -0.491645
 -0.500609
 -0.509947
 -0.519691
 -0.529879
 -0.540551
 -0.551756
 -0.563552
 -0.576015
 -0.589238
  -0.60334
 -0.618478
 -0.634853
  -0.65273
 -0.672454
 -0.694481
 -0.719413
 -0.748046
 -0.781433
 -0.820943
 -0.868278
 -0.925261
 -0.992831
  -1.06746
  -1.13082
   -1.1324
  -1.01152
 -0.789001
 -0.537475
 -0.326182
 -0.169289
-0.0553726
 0.0285697
 0.0919903
  0.141143
  0.180117
  0.211621
  0.237497
  0.259022
  0.277113
  0.292438
    0.3055
  0.316685
  0.326297
  0.334579
  0.341729
  0.347912
  0.353267
  0.357909
  0.361937
  0.365437
  0.368478
  0.371122
  0.373417
  0.375403
  0.377112
  0.378568
  0.379787
  0.380779
  0.381547
  0.382087
  0.382391
  0.382445
  0.382226
  0.381707
   0.38085
  0.379605
  0.377906
  0.375658
  0.372726
  0.368898
  0.363815
  0.356811
  0.346406
  0.328283
  0.282018
 -0.367772
 0.0442833
