  0.170161
 -0.186566
 -0.194144
 -0.197747
 -0.201862
 -0.206045
 -0.210215
 -0.214399
 -0.218663
  -0.22308
 -0.227713
 -0.232624
 -0.237867
 -0.243494
 -0.249555
 -0.256098
 -0.263173
 -0.270832
 -0.279127
 -0.288112
 -0.297846
 -0.308387
 -0.319799
 -0.332148
 -0.345503
 -0.359939
 -0.375536
 -0.392379
 -0.410563
 -0.430194
 -0.451393
 -0.474301
 -0.499084
 -0.525948
 -0.555144
 -0.586991
 -0.621894
  -0.66038
 -0.703139
 -0.751087
 -0.805451
 -0.867898
 -0.940703
  -1.02698
  -1.13094
  -1.25794
  -1.41356
  -1.59872
   -1.7928
   -1.9179
  -1.85567
  -1.60007
  -1.24361
 -0.912593
 -0.651248
 -0.452675
 -0.300656
 -0.181731
-0.0864342
-0.0083481
 0.0568845
  0.112269
  0.159918
  0.201353
  0.237688
  0.269762
  0.298216
  0.323553
  0.346176
  0.366414
  0.384539
  0.400784
  0.415347
  0.428402
    0.4401
  0.450576
  0.459947
  0.468318
   0.47578
  0.482415
  0.488288
  0.493459
  0.497973
  0.501865
  0.505159
  0.507867
  0.509986
    0.5115
  0.512371
  0.512538
  0.511907
  0.510344
  0.507645
  0.503513
  0.497483
   0.48879
  0.476034
  0.456237
  0.421061
  0.337749
 -0.504595
  0.334434
