  0.248642
 -0.200037
 -0.219312
 -0.226422
 -0.231212
 -0.234898
 -0.238001
 -0.240822
 -0.243568
 -0.246391
  -0.24941
 -0.252721
 -0.256404
 -0.260535
  -0.26518
 -0.270405
 -0.276274
  -0.28285
   -0.2902
 -0.298388
 -0.307484
 -0.317557
 -0.328682
 -0.340934
 -0.354394
 -0.369147
 -0.385284
 -0.402902
 -0.422109
 -0.443025
 -0.465785
 -0.490547
 -0.517501
 -0.546873
 -0.578946
 -0.614075
 -0.652713
 -0.695448
 -0.743051
 -0.796547
  -0.85731
 -0.927211
  -1.00881
  -1.10562
  -1.22241
  -1.36533
   -1.5409
  -1.75078
  -1.97309
  -2.12242
  -2.06646
  -1.79485
   -1.4071
  -1.04365
  -0.75526
 -0.535422
 -0.366722
 -0.234504
 -0.128402
-0.0413676
 0.0313968
  0.093202
  0.146379
  0.192603
  0.233104
  0.268804
  0.300408
   0.32847
   0.35343
  0.375646
  0.395418
  0.412997
  0.428599
  0.442411
  0.454596
  0.465299
  0.474647
   0.48275
  0.489706
  0.495599
    0.5005
  0.504467
  0.507549
   0.50978
  0.511183
   0.51177
  0.511536
  0.510465
   0.50852
  0.505644
  0.501754
   0.49673
  0.490399
  0.482509
  0.472675
  0.460265
  0.444119
  0.421745
  0.386093
  0.308196
 -0.479121
  0.230479
