  0.320972
 -0.239011
 -0.269505
 -0.279312
 -0.284081
 -0.286736
 -0.288362
 -0.289499
 -0.290467
 -0.291477
 -0.292683
   -0.2942
 -0.296126
 -0.298545
 -0.301534
 -0.305163
 -0.309503
 -0.314623
 -0.320591
 -0.327477
 -0.335353
 -0.344291
 -0.354366
 -0.365657
 -0.378245
 -0.392215
 -0.407658
 -0.424672
 -0.443364
 -0.463852
  -0.48627
 -0.510776
 -0.537554
 -0.566831
 -0.598887
 -0.634072
 -0.672837
 -0.715767
 -0.763629
 -0.817441
 -0.878575
 -0.948892
  -1.03094
  -1.12821
  -1.24544
  -1.38868
  -1.56428
  -1.77352
  -1.99372
  -2.13822
   -2.0743
  -1.79364
  -1.39831
  -1.02965
 -0.737833
 -0.515679
 -0.345339
 -0.211913
 -0.104898
-0.0171676
 0.0561195
  0.118301
  0.171723
   0.21807
  0.258577
  0.294169
  0.325554
  0.353285
  0.377802
  0.399464
  0.418569
  0.435368
  0.450074
  0.462875
   0.47393
  0.483384
  0.491359
  0.497964
  0.503293
  0.507426
  0.510432
  0.512365
  0.513269
  0.513177
  0.512111
  0.510079
  0.507083
  0.503109
  0.498134
  0.492119
  0.485009
  0.476728
  0.467169
  0.456178
  0.443517
  0.428785
  0.411216
  0.389079
  0.357234
   0.29227
 -0.419655
 0.0986825
