   0.41728
 -0.365115
 -0.413394
 -0.425494
 -0.427987
 -0.426937
 -0.424358
 -0.421139
 -0.417738
  -0.41442
 -0.411355
 -0.408663
 -0.406433
  -0.40474
 -0.403646
 -0.403209
 -0.403484
 -0.404521
 -0.406374
 -0.409091
 -0.412725
 -0.417327
 -0.422947
  -0.42964
 -0.437458
 -0.446457
 -0.456695
 -0.468231
 -0.481133
 -0.495472
 -0.511332
 -0.528808
 -0.548018
 -0.569102
 -0.592241
 -0.617663
 -0.645663
 -0.676628
 -0.711068
  -0.74966
 -0.793313
 -0.843256
 -0.901144
 -0.969207
  -1.05036
  -1.14807
  -1.26526
   -1.3997
  -1.52963
  -1.58637
  -1.47679
  -1.21236
 -0.883387
 -0.592343
 -0.368304
 -0.200643
-0.0735787
 0.0250806
  0.103633
  0.167591
  0.220643
  0.265305
  0.303328
  0.335962
  0.364119
  0.388478
  0.409558
  0.427765
  0.443422
  0.456793
  0.468097
  0.477519
  0.485216
  0.491327
  0.495968
  0.499242
  0.501241
  0.502039
  0.501704
   0.50029
  0.497844
  0.494404
      0.49
  0.484658
  0.478395
  0.471231
  0.463178
  0.454254
  0.444478
  0.433873
  0.422476
  0.410334
  0.397518
  0.384125
  0.370297
  0.356229
  0.342186
  0.328455
  0.314962
  0.293344
 -0.206109
 -0.211171
