  0.442604
  -0.42017
 -0.475669
 -0.488876
 -0.490596
 -0.488159
 -0.483958
 -0.479022
 -0.473863
 -0.468766
 -0.463905
 -0.459394
 -0.455315
 -0.451729
 -0.448688
 -0.446234
 -0.444407
 -0.443243
 -0.442775
 -0.443038
 -0.444062
  -0.44588
 -0.448521
 -0.452015
  -0.45639
 -0.461677
 -0.467903
 -0.475098
 -0.483293
 -0.492521
 -0.502821
 -0.514239
 -0.526833
 -0.540674
 -0.555856
 -0.572502
 -0.590775
 -0.610891
 -0.633137
 -0.657895
 -0.685676
 -0.717155
 -0.753225
 -0.795028
 -0.843932
 -0.901254
  -0.96714
  -1.03685
  -1.09056
  -1.07722
 -0.939106
 -0.702137
 -0.442482
 -0.227205
-0.0676496
  0.048839
  0.135583
  0.202027
  0.254327
   0.29646
  0.331031
  0.359793
  0.383948
  0.404349
  0.421612
  0.436194
  0.448446
  0.458641
  0.466997
  0.473693
  0.478881
  0.482686
  0.485219
  0.486574
  0.486832
  0.486065
  0.484335
  0.481693
  0.478185
  0.473847
  0.468711
  0.462803
  0.456145
  0.448755
  0.440651
  0.431852
  0.422378
  0.412256
  0.401521
  0.390218
   0.37841
  0.366185
  0.353666
   0.34103
  0.328543
  0.316614
  0.305913
  0.297576
  0.293773
  0.293114
-0.0970552
 -0.345548
