   0.45276
 -0.438188
 -0.497372
 -0.511677
 -0.513602
 -0.511017
  -0.50649
 -0.501126
 -0.495472
 -0.489829
 -0.484376
 -0.479229
 -0.474468
 -0.470152
 -0.466325
 -0.463024
 -0.460282
 -0.458127
 -0.456583
 -0.455675
 -0.455425
 -0.455852
 -0.456975
 -0.458812
 -0.461378
 -0.464686
 -0.468751
 -0.473583
 -0.479194
 -0.485597
 -0.492807
 -0.500841
 -0.509724
 -0.519488
 -0.530182
 -0.541868
 -0.554636
 -0.568607
 -0.583944
 -0.600864
 -0.619654
 -0.640684
 -0.664419
 -0.691395
 -0.722127
 -0.756741
 -0.793871
 -0.827469
 -0.838989
 -0.787566
 -0.635476
 -0.416188
   -0.1973
-0.0258087
 0.0967436
  0.183976
   0.24772
  0.295817
  0.333187
  0.362923
  0.387014
  0.406775
  0.423099
   0.43661
  0.447758
  0.456875
  0.464216
  0.469979
  0.474323
  0.477381
  0.479264
  0.480066
   0.47987
  0.478747
  0.476758
  0.473956
  0.470389
  0.466094
  0.461104
  0.455448
  0.449147
   0.44222
  0.434684
  0.426554
  0.417845
  0.408574
  0.398763
  0.388438
  0.377637
  0.366409
  0.354822
   0.34297
  0.330983
  0.319056
  0.307479
  0.296719
  0.287564
  0.281433
  0.281303
  0.288428
 -0.055859
 -0.396901
