  0.462407
 -0.448304
 -0.511337
 -0.527236
 -0.529889
 -0.527634
 -0.523211
 -0.517801
 -0.511992
 -0.506106
 -0.500335
 -0.494799
 -0.489579
 -0.484733
 -0.480301
 -0.476317
 -0.472804
 -0.469785
 -0.467277
 -0.465293
 -0.463846
 -0.462946
 -0.462598
 -0.462808
 -0.463577
 -0.464904
 -0.466786
 -0.469217
 -0.472189
 -0.475693
 -0.479718
 -0.484254
 -0.489291
 -0.494824
 -0.500849
 -0.507371
 -0.514402
 -0.521964
 -0.530094
 -0.538837
  -0.54825
 -0.558385
 -0.569265
 -0.580803
 -0.592629
 -0.603647
 -0.610947
 -0.607169
 -0.575206
  -0.48493
 -0.319401
  -0.11966
 0.0559296
  0.181309
  0.265024
  0.321605
  0.361278
  0.390189
  0.411955
  0.428744
  0.441898
  0.452276
  0.460444
  0.466792
  0.471594
  0.475054
  0.477324
  0.478526
  0.478758
  0.478103
  0.476632
  0.474406
  0.471478
  0.467895
  0.463698
  0.458923
  0.453598
  0.447749
  0.441396
  0.434557
  0.427244
  0.419469
  0.411242
  0.402574
  0.393474
  0.383958
  0.374045
  0.363759
  0.353137
  0.342225
   0.33109
  0.319822
  0.308551
  0.297468
  0.286866
  0.277229
  0.269402
  0.264969
   0.26745
      0.28
-0.0271528
 -0.435254
