   0.481355
  -0.445083
  -0.516097
  -0.536609
  -0.542307
  -0.542213
  -0.539363
  -0.535097
  -0.530094
  -0.524733
  -0.519243
  -0.513766
  -0.508394
  -0.503189
  -0.498192
   -0.49343
   -0.48892
  -0.484671
  -0.480686
  -0.476965
  -0.473501
  -0.470282
  -0.467294
  -0.464517
  -0.461926
   -0.45949
  -0.457174
  -0.454939
  -0.452736
  -0.450514
  -0.448213
  -0.445764
  -0.443094
  -0.440114
  -0.436727
  -0.432814
  -0.428236
   -0.42282
  -0.416342
  -0.408507
  -0.398907
  -0.386959
  -0.371796
  -0.352082
  -0.325678
  -0.289045
  -0.236208
  -0.157268
 -0.0382313
   0.129061
   0.319553
   0.477489
   0.563807
   0.594865
   0.599397
   0.593585
   0.584306
   0.574223
   0.564295
   0.554803
   0.545774
    0.53714
   0.528809
   0.520691
   0.512709
   0.504801
    0.49692
   0.489029
   0.481105
    0.47313
   0.465093
   0.456989
   0.448812
   0.440562
   0.432236
   0.423831
   0.415345
   0.406775
   0.398114
   0.389358
   0.380499
   0.371532
   0.362452
   0.353254
   0.343937
   0.334505
   0.324963
   0.315326
   0.305615
   0.295862
   0.286111
   0.276428
   0.266908
     0.2577
   0.249042
   0.241353
   0.235419
   0.232817
   0.237345
    0.25363
-0.00936751
  -0.471987
