  0.498477
 -0.417504
 -0.495826
 -0.522097
 -0.532445
 -0.536171
 -0.536492
 -0.534871
 -0.532071
 -0.528534
  -0.52453
 -0.520232
 -0.515753
 -0.511165
 -0.506518
 -0.501838
  -0.49714
 -0.492428
 -0.487696
 -0.482931
 -0.478112
 -0.473211
 -0.468195
 -0.463022
 -0.457645
 -0.452006
 -0.446043
 -0.439682
 -0.432842
 -0.425431
 -0.417342
 -0.408457
 -0.398638
 -0.387725
 -0.375527
 -0.361817
  -0.34631
  -0.32865
 -0.308373
 -0.284863
 -0.257276
 -0.224433
 -0.184633
 -0.135365
-0.0728311
0.00879748
  0.118364
  0.268116
  0.469032
  0.708453
  0.921715
    1.0394
   1.04087
  0.982525
  0.912075
  0.847198
  0.791582
  0.744588
  0.704658
  0.670296
  0.640284
  0.613681
  0.589773
  0.568022
   0.54802
  0.529454
   0.51209
  0.495744
  0.480276
  0.465575
  0.451555
  0.438145
  0.425288
  0.412935
  0.401043
  0.389574
  0.378494
  0.367771
  0.357372
   0.34727
  0.337437
  0.327847
  0.318476
  0.309303
  0.300309
  0.291481
  0.282805
  0.274277
  0.265893
   0.25766
  0.249589
  0.241706
  0.234054
  0.226707
  0.219806
  0.213622
  0.208719
  0.206323
  0.209614
  0.221957
-0.0370673
  -0.46141
