  0.505093
 -0.398479
 -0.479678
 -0.508833
 -0.521785
 -0.527802
 -0.530126
 -0.530254
 -0.528978
 -0.526762
 -0.523894
 -0.520563
 -0.516891
  -0.51296
  -0.50882
 -0.504502
 -0.500023
 -0.495382
 -0.490573
 -0.485578
 -0.480371
 -0.474917
 -0.469176
 -0.463098
 -0.456623
 -0.449685
 -0.442208
 -0.434106
  -0.42528
 -0.415621
 -0.405004
 -0.393285
 -0.380299
 -0.365854
 -0.349718
 -0.331612
  -0.31119
 -0.288011
 -0.261503
 -0.230905
 -0.195179
 -0.152873
 -0.101912
-0.0392517
 0.0396578
  0.141684
  0.276977
  0.458865
  0.697011
    0.9694
   1.19347
   1.29348
   1.25698
   1.15846
   1.05424
  0.962721
  0.886183
  0.822511
  0.769018
  0.723408
  0.683904
  0.649175
  0.618226
  0.590316
  0.564889
  0.541523
  0.519895
  0.499758
  0.480918
  0.463225
  0.446556
  0.430813
  0.415913
  0.401787
  0.388374
   0.37562
  0.363474
  0.351891
  0.340828
  0.330245
  0.320104
  0.310368
  0.301005
  0.291984
  0.283276
  0.274858
  0.266706
  0.258805
  0.251139
  0.243698
  0.236478
  0.229482
  0.222725
  0.216245
  0.210124
  0.204549
  0.199944
  0.197281
  0.199192
  0.207627
-0.0632782
 -0.441814
