  0.509452
 -0.378147
 -0.461404
  -0.49319
 -0.508727
 -0.517127
 -0.521608
 -0.523671
 -0.524122
 -0.523439
 -0.521923
 -0.519774
 -0.517122
 -0.514056
 -0.510631
 -0.506881
 -0.502823
 -0.498457
 -0.493775
 -0.488755
 -0.483368
 -0.477575
 -0.471328
 -0.464569
 -0.457231
 -0.449239
 -0.440505
 -0.430931
 -0.420405
 -0.408801
 -0.395976
 -0.381767
 -0.365984
 -0.348403
 -0.328759
 -0.306726
   -0.2819
 -0.253767
 -0.221657
 -0.184677
 -0.141615
-0.0907739
-0.0297383
 0.0450164
  0.138722
  0.259189
  0.417762
  0.628778
  0.900775
    1.2034
   1.43795
   1.52279
   1.45266
   1.31828
   1.18381
   1.06839
  0.973061
  0.894391
  0.828691
  0.772952
  0.724899
  0.682847
  0.645554
  0.612098
  0.581788
  0.554103
  0.528645
  0.505107
   0.48325
  0.462884
  0.443858
  0.426047
  0.409347
  0.393669
  0.378936
  0.365078
  0.352033
  0.339742
   0.32815
  0.317207
  0.306865
  0.297078
  0.287804
  0.279001
  0.270634
  0.262667
  0.255068
  0.247809
  0.240862
  0.234203
  0.227811
  0.221668
  0.215762
  0.210092
  0.204689
  0.199652
  0.195255
  0.192189
  0.192435
   0.19613
-0.0951621
  -0.41429
