  0.498282
 -0.322634
 -0.404759
 -0.440997
 -0.462616
 -0.477448
 -0.488281
 -0.496426
 -0.502599
 -0.507237
 -0.510624
 -0.512954
 -0.514359
 -0.514932
 -0.514733
 -0.513802
 -0.512158
 -0.509804
 -0.506731
 -0.502915
 -0.498323
 -0.492906
 -0.486609
  -0.47936
 -0.471079
 -0.461672
  -0.45103
 -0.439031
 -0.425538
 -0.410392
 -0.393415
 -0.374398
 -0.353102
 -0.329242
 -0.302476
 -0.272383
 -0.238439
 -0.199972
 -0.156108
 -0.105677
-0.0470905
 0.0218657
  0.104336
   0.20488
  0.330204
  0.490185
  0.698827
  0.972885
   1.31904
   1.68998
   1.95281
   2.01179
    1.8751
   1.66761
   1.47069
   1.30554
   1.17091
   1.06075
  0.969355
  0.892247
  0.826129
  0.768593
   0.71788
  0.672694
  0.632071
  0.595283
  0.561775
  0.531121
  0.502985
  0.477102
  0.453256
  0.431271
  0.410997
  0.392307
  0.375087
  0.359238
  0.344667
  0.331289
  0.319025
  0.307799
   0.29754
  0.288179
  0.279651
  0.271893
  0.264845
  0.258445
  0.252638
  0.247364
  0.242566
  0.238184
  0.234154
  0.230406
  0.226862
  0.223426
  0.219985
  0.216402
   0.21251
  0.208097
   0.20282
  0.189678
 -0.208899
 -0.289383
