  0.456943
 -0.299265
 -0.372295
  -0.40694
 -0.429805
 -0.447122
 -0.461056
 -0.472596
 -0.482278
 -0.490421
 -0.497239
 -0.502875
 -0.507433
 -0.510985
 -0.513582
 -0.515255
 -0.516023
 -0.515887
 -0.514838
 -0.512855
 -0.509906
 -0.505944
 -0.500913
 -0.494745
 -0.487356
 -0.478652
 -0.468523
 -0.456843
  -0.44347
 -0.428242
 -0.410972
 -0.391445
  -0.36941
 -0.344571
  -0.31657
 -0.284966
 -0.249208
 -0.208592
 -0.162196
  -0.10879
-0.0466986
 0.0264123
  0.113861
  0.220456
  0.353273
  0.522728
  0.743573
   1.03341
   1.39908
   1.79021
   2.06609
   2.12605
   1.97939
   1.75842
   1.54908
   1.37361
   1.23059
   1.11358
   1.01651
  0.934635
  0.864455
  0.803424
  0.749683
  0.701861
  0.658939
  0.620151
  0.584911
   0.55277
  0.523375
  0.496446
  0.471756
  0.449119
  0.428378
  0.409398
  0.392058
  0.376253
  0.361885
  0.348862
  0.337099
  0.326514
   0.31703
  0.308572
  0.301068
  0.294447
  0.288641
  0.283582
  0.279203
  0.275436
  0.272211
  0.269454
  0.267087
  0.265016
  0.263135
  0.261306
  0.259343
  0.256982
  0.253797
   0.24899
  0.240518
   0.21574
 -0.285766
 -0.171178
