  0.422534
 -0.292958
 -0.358549
 -0.390724
 -0.413085
  -0.43083
  -0.44571
 -0.458503
 -0.469614
 -0.479284
  -0.48767
  -0.49488
 -0.500991
  -0.50606
 -0.510125
 -0.513212
 -0.515333
 -0.516489
 -0.516672
  -0.51586
 -0.514022
 -0.511115
 -0.507085
 -0.501865
 -0.495375
 -0.487523
 -0.478202
 -0.467289
 -0.454644
 -0.440107
 -0.423494
 -0.404594
  -0.38316
 -0.358897
 -0.331451
 -0.300388
 -0.265163
 -0.225078
  -0.17922
 -0.126371
-0.0648698
 0.0075998
 0.0943325
  0.200109
  0.331971
  0.500302
  0.719851
   1.00833
   1.37304
   1.76476
   2.04409
   2.10965
   1.96897
   1.75285
   1.54702
   1.37407
   1.23287
   1.11722
   1.02121
  0.940173
  0.870686
  0.810243
  0.757015
  0.709653
  0.667156
  0.628769
  0.593918
  0.562159
  0.533147
  0.506608
   0.48232
  0.460099
  0.439793
  0.421269
  0.404409
   0.38911
  0.375274
  0.362813
  0.351641
  0.341678
  0.332848
  0.325074
  0.318285
  0.312411
  0.307381
  0.303128
  0.299583
  0.296676
  0.294335
  0.292485
  0.291041
  0.289906
  0.288964
  0.288062
  0.286988
  0.285425
  0.282834
  0.278139
  0.268443
  0.238178
 -0.320575
 -0.101959
