 0.326716
-0.289903
-0.335547
-0.359736
-0.378893
-0.395773
-0.411151
-0.425296
-0.438315
-0.450259
-0.461154
-0.471019
-0.479869
-0.487715
-0.494564
-0.500421
-0.505287
-0.509156
-0.512016
-0.513847
-0.514621
-0.514302
-0.512842
-0.510184
-0.506258
-0.500982
-0.494261
-0.485986
 -0.47603
-0.464249
-0.450478
-0.434523
-0.416161
-0.395125
-0.371094
-0.343672
-0.312366
-0.276541
-0.235367
-0.187736
 -0.13213
-0.066431
 0.012384
  0.10872
 0.229096
 0.383199
 0.584956
 0.851563
  1.19181
  1.56401
  1.84177
  1.92664
  1.81839
  1.63437
  1.45465
  1.30185
  1.17624
  1.07288
 0.986755
 0.913875
 0.851248
 0.796683
 0.748571
 0.705725
 0.667262
 0.632519
 0.600989
 0.572285
 0.546104
 0.522207
 0.500403
 0.480532
 0.462464
 0.446083
  0.43129
 0.417994
  0.40611
 0.395562
 0.386275
 0.378177
   0.3712
 0.365276
 0.360341
 0.356329
 0.353176
  0.35082
 0.349196
 0.348238
 0.347878
 0.348043
 0.348648
 0.349596
 0.350763
 0.351982
 0.353006
 0.353435
 0.352539
 0.348738
 0.337485
 0.297469
-0.377915
0.0511991
