  0.268938
 -0.291518
 -0.325543
 -0.344665
 -0.361363
 -0.377073
  -0.39204
 -0.406266
 -0.419705
 -0.432308
 -0.444038
 -0.454867
 -0.464777
 -0.473756
 -0.481794
 -0.488885
 -0.495021
 -0.500191
 -0.504382
 -0.507574
 -0.509742
 -0.510851
  -0.51086
 -0.509716
 -0.507357
  -0.50371
 -0.498687
 -0.492189
 -0.484101
 -0.474291
 -0.462608
 -0.448876
 -0.432889
 -0.414405
 -0.393128
 -0.368699
 -0.340666
  -0.30845
 -0.271293
 -0.228182
 -0.177727
 -0.117985
-0.0461744
 0.0417677
  0.151883
  0.293202
  0.478836
  0.725338
   1.04243
   1.39454
   1.66669
   1.76411
   1.68099
    1.5231
   1.36514
   1.22939
   1.11709
   1.02429
  0.946738
  0.880949
  0.824308
  0.774879
   0.73124
  0.692337
  0.657387
  0.625799
  0.597127
  0.571027
  0.547232
  0.525533
  0.505761
  0.487779
  0.471472
   0.45674
  0.443496
  0.431662
  0.421166
  0.411937
  0.403912
  0.397027
  0.391221
  0.386433
  0.382605
  0.379679
  0.377596
  0.376298
  0.375728
  0.375823
  0.376521
  0.377753
  0.379438
  0.381483
  0.383766
  0.386115
  0.388275
  0.389816
  0.389925
  0.386802
  0.375129
  0.330909
  -0.39959
  0.130652
