 0.0582423
 -0.288553
 -0.281923
 -0.282314
 -0.288623
 -0.297921
 -0.308804
 -0.320494
 -0.332527
 -0.344615
 -0.356566
  -0.36825
 -0.379573
 -0.390468
 -0.400886
 -0.410791
 -0.420156
  -0.42896
 -0.437186
  -0.44482
 -0.451847
 -0.458251
 -0.464015
 -0.469117
 -0.473529
 -0.477221
 -0.480153
 -0.482283
 -0.483557
 -0.483916
  -0.48329
   -0.4816
 -0.478754
 -0.474644
 -0.469143
 -0.462095
  -0.45331
 -0.442541
 -0.429467
 -0.413654
 -0.394497
 -0.371129
 -0.342275
 -0.305997
 -0.259276
 -0.197299
 -0.112356
0.00726377
  0.175275
  0.390976
  0.609048
  0.762529
  0.817265
    0.8093
  0.778676
  0.743859
  0.711024
  0.681677
  0.655796
  0.632944
  0.612636
  0.594448
  0.578036
  0.563133
  0.549537
  0.537095
  0.525695
  0.515255
  0.505716
  0.497036
  0.489184
  0.482139
  0.475885
   0.47041
  0.465703
  0.461754
  0.458551
  0.456083
  0.454336
  0.453297
  0.452949
  0.453272
  0.454249
  0.455857
  0.458074
  0.460873
  0.464228
  0.468107
  0.472472
   0.47728
  0.482472
  0.487968
  0.493653
  0.499347
  0.504751
  0.509321
  0.511955
  0.510093
  0.495897
  0.436964
 -0.452201
  0.393959
