 0.0498724
 -0.251352
  -0.24284
  -0.24212
 -0.247073
 -0.254707
 -0.263732
 -0.273485
  -0.28361
 -0.293896
 -0.304214
 -0.314482
 -0.324646
 -0.334672
 -0.344539
  -0.35424
 -0.363771
 -0.373139
 -0.382353
 -0.391426
 -0.400372
 -0.409207
 -0.417947
 -0.426607
   -0.4352
 -0.443741
  -0.45224
 -0.460708
 -0.469156
 -0.477593
  -0.48603
 -0.494482
 -0.502968
 -0.511513
 -0.520152
 -0.528931
 -0.537914
 -0.547185
 -0.556852
 -0.567056
  -0.57797
 -0.589801
 -0.602776
 -0.617099
 -0.632808
 -0.649397
 -0.664791
 -0.672661
 -0.656504
 -0.584122
 -0.432092
 -0.236585
-0.0560085
 0.0775364
  0.168649
  0.230928
  0.274776
  0.306734
  0.330783
  0.349375
  0.364072
  0.375898
   0.38555
  0.393518
   0.40016
  0.405743
  0.410478
  0.414531
  0.418039
  0.421119
  0.423869
  0.426376
  0.428716
  0.430954
  0.433149
  0.435352
  0.437609
  0.439956
  0.442428
  0.445053
  0.447853
  0.450847
   0.45405
  0.457472
   0.46112
  0.464994
  0.469094
  0.473408
   0.47792
  0.482599
  0.487396
  0.492234
  0.496989
   0.50146
  0.505302
  0.507892
  0.507993
  0.502796
  0.483942
  0.417954
 -0.465607
  0.415735
