 0.0198704
 -0.238055
 -0.223294
 -0.219243
 -0.221711
 -0.227147
 -0.234127
 -0.241967
 -0.250318
 -0.258988
 -0.267865
 -0.276877
 -0.285981
 -0.295145
 -0.304351
 -0.313589
 -0.322855
 -0.332152
 -0.341484
 -0.350861
 -0.360297
 -0.369807
 -0.379406
 -0.389113
 -0.398945
 -0.408921
 -0.419061
 -0.429385
 -0.439915
 -0.450674
 -0.461692
 -0.473001
 -0.484643
 -0.496672
 -0.509156
 -0.522184
 -0.535874
 -0.550378
 -0.565896
  -0.58269
 -0.601097
 -0.621554
 -0.644612
 -0.670932
 -0.701214
  -0.73589
 -0.774114
 -0.810762
 -0.828803
 -0.789003
 -0.652917
 -0.449542
 -0.242256
-0.0779781
 0.0400008
  0.124051
  0.185389
  0.231589
  0.267461
  0.296065
   0.31939
  0.338766
  0.355107
  0.369063
  0.381108
  0.391597
  0.400809
  0.408961
  0.416234
  0.422776
  0.428717
  0.434166
  0.439218
   0.44396
  0.448466
  0.452801
  0.457026
  0.461189
  0.465337
  0.469506
  0.473729
  0.478031
  0.482432
  0.486948
  0.491586
   0.49635
  0.501232
   0.50622
  0.511285
  0.516386
  0.521457
  0.526394
  0.531043
  0.535155
   0.53832
  0.539815
  0.538238
  0.530454
  0.507277
  0.432729
 -0.489445
  0.469575
