 0.0383285
 -0.222304
 -0.210256
 -0.207123
 -0.209632
 -0.214632
 -0.220905
 -0.227893
 -0.235324
 -0.243061
 -0.251029
 -0.259183
 -0.267501
 -0.275969
 -0.284583
 -0.293344
  -0.30226
 -0.311342
 -0.320604
 -0.330067
 -0.339752
 -0.349682
 -0.359885
 -0.370389
 -0.381223
  -0.39242
 -0.404012
 -0.416035
 -0.428529
 -0.441538
 -0.455112
 -0.469311
 -0.484208
 -0.499893
  -0.51648
 -0.534114
 -0.552985
 -0.573336
 -0.595488
 -0.619863
 -0.647018
 -0.677692
 -0.712858
 -0.753784
 -0.802034
 -0.859261
 -0.926224
 -0.999347
  -1.06086
   -1.0623
 -0.945746
 -0.731234
 -0.488812
 -0.284667
 -0.132214
-0.0205451
 0.0627017
  0.126495
   0.17676
  0.217363
  0.250864
  0.278999
  0.302972
  0.323644
  0.341645
  0.357448
   0.37142
  0.383848
  0.394967
   0.40497
  0.414021
   0.42226
  0.429808
  0.436772
  0.443246
  0.449314
  0.455049
  0.460515
  0.465771
  0.470864
  0.475837
  0.480724
  0.485553
  0.490345
  0.495115
  0.499869
  0.504602
  0.509302
   0.51394
  0.518471
   0.52282
  0.526875
  0.530466
  0.533322
  0.535004
  0.534751
  0.531106
  0.520863
  0.494751
  0.416743
 -0.497489
   0.45916
