  0.131918
  -0.18923
  -0.19108
 -0.192778
 -0.196401
 -0.200716
 -0.205337
 -0.210143
 -0.215119
 -0.220289
 -0.225688
 -0.231352
 -0.237319
 -0.243627
 -0.250313
 -0.257417
 -0.264977
 -0.273037
  -0.28164
 -0.290834
 -0.300667
 -0.311191
 -0.322462
 -0.334537
 -0.347478
  -0.36135
 -0.376223
 -0.392172
 -0.409283
 -0.427647
 -0.447372
 -0.468582
 -0.491427
 -0.516087
 -0.542788
 -0.571813
 -0.603526
 -0.638396
  -0.67704
 -0.720275
 -0.769197
 -0.825285
 -0.890558
 -0.967764
  -1.06059
  -1.17367
  -1.31164
  -1.47461
  -1.64264
  -1.74393
  -1.67227
  -1.42644
  -1.09405
 -0.789223
 -0.550159
 -0.369276
 -0.231203
 -0.123424
-0.0372042
 0.0333487
 0.0922247
   0.14217
  0.185114
  0.222442
  0.255171
  0.284066
  0.309713
   0.33257
  0.353008
  0.371327
  0.387779
  0.402576
  0.415904
  0.427921
  0.438768
   0.44857
  0.457436
  0.465463
  0.472737
  0.479331
  0.485309
  0.490726
  0.495623
  0.500035
  0.503984
  0.507482
  0.510525
  0.513098
  0.515164
  0.516665
  0.517509
  0.517558
   0.51661
   0.51436
   0.51033
  0.503722
  0.493069
  0.475242
   0.44145
  0.357519
 -0.509438
  0.377519
