  0.248823
 -0.200276
 -0.219507
 -0.226589
  -0.23136
 -0.235029
 -0.238113
 -0.240914
 -0.243637
 -0.246437
  -0.24943
 -0.252714
 -0.256369
  -0.26047
 -0.265084
 -0.270277
 -0.276113
 -0.282655
 -0.289969
 -0.298121
 -0.307179
 -0.317213
 -0.328296
 -0.340505
 -0.353921
 -0.368626
 -0.384713
 -0.402278
 -0.421428
 -0.442281
 -0.464974
 -0.489664
 -0.516537
 -0.545821
 -0.577796
 -0.612814
 -0.651327
  -0.69392
 -0.741358
 -0.794661
 -0.855196
 -0.924822
  -1.00608
  -1.10248
  -1.21874
  -1.36098
  -1.53566
  -1.74437
  -1.96526
  -2.11319
  -2.05652
  -1.78516
  -1.39844
  -1.03621
 -0.748866
 -0.529852
 -0.361789
 -0.230067
 -0.124357
-0.0376371
 0.0348711
 0.0964649
  0.149465
   0.19554
  0.235914
  0.271504
  0.303015
  0.330994
  0.355882
  0.378036
  0.397752
  0.415282
   0.43084
  0.444612
  0.456763
  0.467434
  0.476752
  0.484829
   0.49176
  0.497629
  0.502507
  0.506453
  0.509513
  0.511722
  0.513102
  0.513665
  0.513405
  0.512306
  0.510331
  0.507423
  0.503497
  0.498433
  0.492057
  0.484118
  0.474229
  0.461755
  0.445532
   0.42306
   0.38726
  0.309063
 -0.480624
  0.231801
