  0.321238
 -0.239148
 -0.269616
 -0.279409
 -0.284167
 -0.286812
 -0.288426
 -0.289548
 -0.290499
 -0.291491
 -0.292675
  -0.29417
 -0.296073
 -0.298466
 -0.301428
 -0.305029
  -0.30934
  -0.31443
 -0.320366
  -0.32722
 -0.335061
 -0.343963
    -0.354
 -0.365252
 -0.377798
 -0.391724
  -0.40712
 -0.424084
 -0.442722
 -0.463152
 -0.485507
 -0.509944
 -0.536647
  -0.56584
 -0.597802
 -0.632882
 -0.671528
 -0.714322
 -0.762026
 -0.815654
 -0.876571
 -0.946625
  -1.02835
  -1.12522
  -1.24195
  -1.38453
  -1.55929
  -1.76741
  -1.98625
  -2.12942
   -2.0648
  -1.78437
  -1.39004
  -1.02254
 -0.731719
 -0.510351
  -0.34062
 -0.207669
 -0.101029
-0.0135996
 0.0594418
   0.12142
  0.174672
  0.220875
  0.261259
  0.296745
  0.328038
  0.355688
  0.380135
  0.401734
  0.420784
  0.437532
  0.452194
  0.464953
  0.475972
  0.485391
  0.493335
   0.49991
  0.505211
  0.509318
  0.512297
  0.514205
  0.515084
  0.514966
  0.513873
  0.511814
  0.508789
  0.504784
  0.499777
  0.493727
   0.48658
  0.478259
  0.468656
  0.457617
  0.444903
   0.43011
  0.412467
  0.390235
  0.358245
  0.292988
 -0.421176
 0.0999384
